Amplitude (ADC Kanal) -  (Histogram)	Counts -  (Histogram)
0	0
1	0
2	0
3	0
4	0
5	0
6	0
7	0
8	0
9	0
10	0
11	0
12	0
13	0
14	0
15	0
16	0
17	0
18	0
19	0
20	0
21	0
22	0
23	0
24	0
25	0
26	0
27	0
28	0
29	0
30	0
31	0
32	0
33	0
34	0
35	0
36	0
37	0
38	0
39	0
40	0
41	0
42	0
43	0
44	1
45	1
46	3
47	4
48	6
49	9
50	13
51	20
52	33
53	51
54	82
55	125
56	177
57	236
58	306
59	380
60	439
61	503
62	575
63	619
64	636
65	662
66	657
67	632
68	616
69	605
70	599
71	613
72	623
73	654
74	676
75	696
76	691
77	676
78	636
79	627
80	596
81	578
82	572
83	559
84	533
85	521
86	519
87	513
88	524
89	529
90	531
91	525
92	544
93	544
94	554
95	551
96	555
97	543
98	543
99	537
100	537
101	524
102	517
103	514
104	513
105	518
106	542
107	548
108	562
109	568
110	577
111	591
112	603
113	609
114	613
115	609
116	601
117	595
118	586
119	578
120	587
121	576
122	572
123	580
124	588
125	590
126	594
127	609
128	604
129	604
130	593
131	592
132	578
133	570
134	564
135	561
136	548
137	540
138	536
139	526
140	528
141	544
142	563
143	587
144	611
145	635
146	648
147	661
148	670
149	700
150	709
151	726
152	746
153	756
154	737
155	730
156	726
157	718
158	712
159	734
160	738
161	756
162	773
163	811
164	825
165	856
166	862
167	878
168	865
169	870
170	867
171	866
172	858
173	864
174	845
175	845
176	863
177	870
178	891
179	911
180	919
181	920
182	925
183	923
184	929
185	927
186	916
187	910
188	891
189	872
190	853
191	836
192	819
193	801
194	795
195	790
196	799
197	797
198	805
199	810
200	813
201	807
202	798
203	787
204	761
205	742
206	713
207	689
208	674
209	676
210	679
211	688
212	703
213	713
214	730
215	744
216	769
217	786
218	787
219	782
220	760
221	738
222	712
223	714
224	712
225	720
226	718
227	718
228	706
229	694
230	680
231	669
232	671
233	657
234	655
235	654
236	656
237	644
238	654
239	644
240	648
241	641
242	644
243	633
244	629
245	614
246	613
247	599
248	591
249	595
250	596
251	600
252	602
253	612
254	617
255	620
256	615
257	621
258	614
259	615
260	608
261	605
262	594
263	588
264	568
265	560
266	553
267	549
268	543
269	534
270	531
271	522
272	521
273	516
274	506
275	493
276	484
277	469
278	477
279	488
280	505
281	517
282	519
283	503
284	497
285	496
286	496
287	519
288	528
289	539
290	539
291	547
292	540
293	547
294	553
295	563
296	562
297	567
298	573
299	575
300	574
301	567
302	565
303	554
304	543
305	536
306	533
307	525
308	515
309	516
310	500
311	493
312	486
313	481
314	475
315	474
316	470
317	470
318	476
319	464
320	479
321	493
322	493
323	478
324	487
325	488
326	476
327	471
328	490
329	491
330	482
331	487
332	487
333	476
334	470
335	470
336	457
337	453
338	453
339	450
340	443
341	455
342	457
343	453
344	453
345	451
346	437
347	436
348	443
349	445
350	442
351	447
352	451
353	445
354	441
355	450
356	450
357	450
358	453
359	450
360	444
361	449
362	451
363	460
364	463
365	461
366	462
367	456
368	446
369	448
370	457
371	450
372	455
373	451
374	457
375	454
376	453
377	454
378	458
379	452
380	443
381	439
382	428
383	420
384	411
385	406
386	409
387	422
388	427
389	437
390	440
391	445
392	437
393	445
394	446
395	453
396	454
397	458
398	448
399	449
400	444
401	441
402	445
403	457
404	461
405	470
406	471
407	468
408	456
409	443
410	432
411	425
412	416
413	414
414	416
415	414
416	413
417	412
418	406
419	409
420	405
421	400
422	404
423	411
424	406
425	405
426	419
427	421
428	420
429	428
430	439
431	433
432	442
433	454
434	449
435	447
436	449
437	452
438	452
439	456
440	460
441	461
442	451
443	440
444	435
445	433
446	435
447	431
448	430
449	435
450	429
451	427
452	429
453	437
454	432
455	429
456	421
457	420
458	412
459	410
460	417
461	424
462	421
463	423
464	427
465	434
466	432
467	440
468	440
469	440
470	432
471	431
472	421
473	428
474	430
475	436
476	445
477	444
478	452
479	452
480	452
481	438
482	442
483	432
484	431
485	427
486	422
487	418
488	407
489	406
490	414
491	431
492	429
493	442
494	436
495	426
496	421
497	425
498	430
499	432
500	438
501	435
502	439
503	433
504	448
505	453
506	450
507	461
508	468
509	454
510	449
511	451
512	448
513	448
514	450
515	454
516	464
517	465
518	473
519	468
520	476
521	478
522	478
523	460
524	469
525	459
526	454
527	446
528	455
529	453
530	455
531	454
532	455
533	455
534	465
535	458
536	462
537	465
538	466
539	459
540	478
541	480
542	485
543	485
544	486
545	474
546	469
547	463
548	454
549	449
550	449
551	440
552	430
553	426
554	427
555	416
556	415
557	417
558	419
559	421
560	426
561	431
562	438
563	442
564	440
565	445
566	454
567	462
568	468
569	480
570	484
571	480
572	477
573	485
574	481
575	487
576	489
577	495
578	492
579	493
580	497
581	512
582	511
583	515
584	523
585	522
586	517
587	532
588	533
589	542
590	552
591	560
592	555
593	557
594	552
595	552
596	553
597	551
598	540
599	544
600	546
601	542
602	546
603	554
604	548
605	539
606	534
607	526
608	530
609	529
610	524
611	520
612	519
613	503
614	509
615	521
616	533
617	542
618	559
619	562
620	561
621	562
622	562
623	568
624	566
625	562
626	553
627	551
628	546
629	552
630	557
631	555
632	555
633	560
634	555
635	555
636	567
637	575
638	571
639	575
640	572
641	573
642	569
643	567
644	571
645	581
646	581
647	584
648	583
649	578
650	576
651	579
652	585
653	595
654	595
655	599
656	593
657	594
658	591
659	587
660	583
661	577
662	564
663	569
664	575
665	579
666	573
667	573
668	556
669	547
670	532
671	536
672	532
673	531
674	513
675	506
676	494
677	488
678	491
679	504
680	505
681	500
682	498
683	488
684	482
685	476
686	477
687	476
688	478
689	470
690	460
691	457
692	451
693	440
694	434
695	427
696	421
697	415
698	416
699	423
700	431
701	431
702	423
703	418
704	406
705	398
706	395
707	396
708	390
709	388
710	387
711	382
712	387
713	393
714	395
715	395
716	400
717	403
718	398
719	401
720	403
721	411
722	405
723	400
724	403
725	402
726	393
727	393
728	404
729	397
730	394
731	392
732	393
733	390
734	394
735	388
736	398
737	393
738	390
739	387
740	384
741	383
742	387
743	383
744	386
745	385
746	377
747	375
748	372
749	368
750	371
751	376
752	372
753	377
754	370
755	375
756	364
757	364
758	356
759	357
760	348
761	343
762	340
763	338
764	341
765	347
766	351
767	346
768	341
769	336
770	327
771	319
772	313
773	322
774	312
775	315
776	317
777	328
778	328
779	333
780	331
781	335
782	336
783	332
784	322
785	323
786	328
787	326
788	335
789	349
790	355
791	354
792	360
793	360
794	365
795	372
796	383
797	394
798	409
799	424
800	452
801	467
802	483
803	493
804	508
805	502
806	514
807	525
808	549
809	561
810	585
811	598
812	621
813	642
814	656
815	671
816	689
817	704
818	713
819	734
820	755
821	775
822	790
823	807
824	826
825	841
826	862
827	872
828	876
829	885
830	893
831	893
832	909
833	919
834	914
835	917
836	911
837	891
838	892
839	908
840	912
841	920
842	930
843	928
844	925
845	915
846	897
847	895
848	891
849	883
850	884
851	905
852	893
853	886
854	861
855	838
856	815
857	811
858	802
859	799
860	785
861	764
862	742
863	716
864	686
865	681
866	664
867	644
868	623
869	619
870	599
871	582
872	567
873	551
874	533
875	515
876	497
877	478
878	466
879	455
880	431
881	414
882	412
883	403
884	393
885	397
886	393
887	378
888	373
889	364
890	351
891	356
892	356
893	356
894	357
895	355
896	344
897	350
898	343
899	353
900	366
901	377
902	374
903	379
904	379
905	389
906	393
907	400
908	422
909	425
910	431
911	442
912	456
913	447
914	475
915	485
916	502
917	517
918	540
919	539
920	545
921	556
922	570
923	582
924	604
925	618
926	632
927	653
928	670
929	678
930	694
931	706
932	703
933	719
934	741
935	749
936	762
937	779
938	775
939	782
940	800
941	809
942	816
943	823
944	813
945	817
946	817
947	806
948	804
949	803
950	792
951	782
952	779
953	772
954	757
955	746
956	739
957	720
958	703
959	693
960	687
961	670
962	661
963	658
964	643
965	629
966	614
967	609
968	604
969	581
970	559
971	543
972	516
973	491
974	490
975	484
976	469
977	462
978	450
979	431
980	416
981	402
982	385
983	374
984	366
985	354
986	341
987	335
988	322
989	309
990	297
991	292
992	281
993	273
994	269
995	252
996	247
997	241
998	232
999	222
1000	224
1001	210
1002	200
1003	198
1004	193
1005	190
1006	193
1007	195
1008	184
1009	179
1010	171
1011	159
1012	148
1013	152
1014	150
1015	146
1016	148
1017	147
1018	138
1019	129
1020	125
1021	120
1022	118
1023	112
1024	115
1025	113
1026	112
1027	109
1028	106
1029	106
1030	104
1031	103
1032	99
1033	99
1034	94
1035	89
1036	82
1037	80
1038	81
1039	83
1040	80
1041	80
1042	78
1043	73
1044	71
1045	71
1046	71
1047	71
1048	70
1049	66
1050	62
1051	58
1052	54
1053	58
1054	58
1055	62
1056	63
1057	66
1058	61
1059	60
1060	57
1061	58
1062	57
1063	59
1064	57
1065	54
1066	54
1067	52
1068	49
1069	50
1070	52
1071	51
1072	51
1073	51
1074	49
1075	46
1076	49
1077	48
1078	50
1079	51
1080	52
1081	50
1082	51
1083	51
1084	51
1085	51
1086	50
1087	48
1088	47
1089	47
1090	45
1091	47
1092	45
1093	43
1094	42
1095	44
1096	41
1097	39
1098	38
1099	40
1100	39
1101	37
1102	37
1103	36
1104	35
1105	32
1106	34
1107	34
1108	36
1109	32
1110	31
1111	28
1112	27
1113	25
1114	25
1115	25
1116	26
1117	27
1118	28
1119	29
1120	28
1121	28
1122	27
1123	24
1124	23
1125	23
1126	21
1127	22
1128	21
1129	21
1130	20
1131	21
1132	18
1133	20
1134	19
1135	19
1136	18
1137	18
1138	16
1139	19
1140	17
1141	15
1142	15
1143	14
1144	13
1145	14
1146	15
1147	16
1148	16
1149	13
1150	12
1151	10
1152	10
1153	10
1154	10
1155	10
1156	12
1157	11
1158	10
1159	9
1160	10
1161	8
1162	9
1163	11
1164	11
1165	9
1166	9
1167	9
1168	8
1169	8
1170	9
1171	8
1172	8
1173	8
1174	8
1175	8
1176	9
1177	9
1178	8
1179	8
1180	10
1181	10
1182	9
1183	10
1184	9
1185	6
1186	6
1187	7
1188	7
1189	7
1190	7
1191	7
1192	7
1193	6
1194	6
1195	6
1196	7
1197	7
1198	7
1199	8
1200	8
1201	7
1202	9
1203	9
1204	8
1205	8
1206	8
1207	5
1208	5
1209	5
1210	6
1211	6
1212	8
1213	8
1214	7
1215	7
1216	6
1217	4
1218	5
1219	5
1220	5
1221	6
1222	5
1223	5
1224	5
1225	6
1226	6
1227	6
1228	7
1229	7
1230	7
1231	7
1232	7
1233	7
1234	6
1235	6
1236	6
1237	5
1238	4
1239	5
1240	4
1241	5
1242	6
1243	6
1244	6
1245	6
1246	5
1247	5
1248	5
1249	4
1250	5
1251	5
1252	5
1253	6
1254	6
1255	7
1256	7
1257	8
1258	7
1259	7
1260	6
1261	6
1262	6
1263	6
1264	7
1265	7
1266	7
1267	8
1268	7
1269	7
1270	7
1271	7
1272	7
1273	7
1274	7
1275	7
1276	7
1277	8
1278	7
1279	6
1280	6
1281	5
1282	4
1283	4
1284	5
1285	5
1286	5
1287	7
1288	7
1289	7
1290	6
1291	7
1292	5
1293	7
1294	7
1295	7
1296	7
1297	7
1298	7
1299	7
1300	7
1301	5
1302	5
1303	4
1304	5
1305	5
1306	5
1307	4
1308	5
1309	4
1310	3
1311	4
1312	4
1313	4
1314	5
1315	5
1316	4
1317	5
1318	4
1319	5
1320	6
1321	6
1322	6
1323	7
1324	7
1325	6
1326	5
1327	6
1328	6
1329	6
1330	7
1331	7
1332	8
1333	7
1334	6
1335	5
1336	5
1337	4
1338	5
1339	5
1340	5
1341	5
1342	5
1343	4
1344	4
1345	5
1346	7
1347	6
1348	7
1349	8
1350	7
1351	6
1352	5
1353	5
1354	4
1355	3
1356	3
1357	3
1358	3
1359	4
1360	5
1361	5
1362	6
1363	6
1364	5
1365	5
1366	4
1367	5
1368	5
1369	5
1370	5
1371	5
1372	5
1373	4
1374	3
1375	4
1376	4
1377	5
1378	5
1379	6
1380	7
1381	6
1382	6
1383	6
1384	6
1385	5
1386	5
1387	4
1388	4
1389	4
1390	5
1391	4
1392	4
1393	5
1394	5
1395	5
1396	5
1397	5
1398	5
1399	4
1400	4
1401	4
1402	5
1403	4
1404	4
1405	5
1406	4
1407	4
1408	4
1409	4
1410	4
1411	4
1412	4
1413	4
1414	4
1415	3
1416	2
1417	2
1418	2
1419	3
1420	4
1421	4
1422	4
1423	4
1424	4
1425	4
1426	3
1427	4
1428	4
1429	4
1430	4
1431	5
1432	5
1433	4
1434	3
1435	4
1436	4
1437	4
1438	4
1439	5
1440	5
1441	5
1442	4
1443	5
1444	3
1445	3
1446	3
1447	3
1448	3
1449	4
1450	4
1451	4
1452	4
1453	5
1454	5
1455	5
1456	7
1457	6
1458	6
1459	4
1460	4
1461	4
1462	3
1463	4
1464	4
1465	4
1466	3
1467	3
1468	3
1469	3
1470	3
1471	3
1472	3
1473	5
1474	5
1475	6
1476	6
1477	7
1478	7
1479	6
1480	5
1481	5
1482	3
1483	4
1484	4
1485	5
1486	5
1487	6
1488	4
1489	4
1490	4
1491	4
1492	3
1493	5
1494	6
1495	7
1496	6
1497	6
1498	5
1499	4
1500	3
1501	4
1502	4
1503	3
1504	4
1505	4
1506	4
1507	4
1508	4
1509	4
1510	4
1511	4
1512	2
1513	3
1514	3
1515	4
1516	5
1517	6
1518	5
1519	5
1520	4
1521	4
1522	4
1523	4
1524	5
1525	5
1526	5
1527	4
1528	4
1529	4
1530	5
1531	6
1532	5
1533	6
1534	6
1535	6
1536	4
1537	4
1538	4
1539	3
1540	3
1541	4
1542	3
1543	3
1544	4
1545	3
1546	2
1547	2
1548	2
1549	2
1550	3
1551	3
1552	3
1553	3
1554	3
1555	3
1556	2
1557	3
1558	3
1559	3
1560	3
1561	3
1562	3
1563	3
1564	3
1565	4
1566	4
1567	3
1568	3
1569	3
1570	3
1571	3
1572	3
1573	4
1574	4
1575	4
1576	4
1577	4
1578	3
1579	3
1580	3
1581	3
1582	4
1583	4
1584	3
1585	3
1586	3
1587	2
1588	2
1589	3
1590	3
1591	3
1592	3
1593	2
1594	2
1595	2
1596	2
1597	2
1598	2
1599	3
1600	2
1601	2
1602	3
1603	2
1604	2
1605	2
1606	2
1607	2
1608	3
1609	2
1610	3
1611	3
1612	2
1613	2
1614	2
1615	2
1616	2
1617	2
1618	2
1619	2
1620	2
1621	2
1622	2
1623	2
1624	2
1625	2
1626	1
1627	1
1628	2
1629	2
1630	2
1631	2
1632	1
1633	1
1634	1
1635	2
1636	2
1637	2
1638	2
1639	1
1640	0
1641	0
1642	1
1643	1
1644	1
1645	2
1646	2
1647	2
1648	2
1649	2
1650	3
1651	2
1652	2
1653	2
1654	1
1655	1
1656	1
1657	1
1658	2
1659	1
1660	2
1661	2
1662	2
1663	1
1664	2
1665	2
1666	2
1667	2
1668	3
1669	3
1670	3
1671	3
1672	4
1673	3
1674	3
1675	3
1676	3
1677	3
1678	3
1679	1
1680	2
1681	1
1682	1
1683	2
1684	3
1685	3
1686	4
1687	4
1688	4
1689	4
1690	3
1691	3
1692	2
1693	1
1694	1
1695	2
1696	3
1697	3
1698	3
1699	4
1700	4
1701	4
1702	4
1703	5
1704	5
1705	4
1706	5
1707	4
1708	4
1709	4
1710	4
1711	3
1712	4
1713	4
1714	5
1715	5
1716	6
1717	5
1718	5
1719	5
1720	4
1721	3
1722	3
1723	3
1724	2
1725	2
1726	2
1727	2
1728	3
1729	3
1730	3
1731	3
1732	3
1733	2
1734	2
1735	2
1736	2
1737	3
1738	3
1739	3
1740	3
1741	3
1742	3
1743	3
1744	4
1745	3
1746	3
1747	2
1748	3
1749	3
1750	3
1751	3
1752	3
1753	2
1754	1
1755	2
1756	2
1757	2
1758	2
1759	3
1760	3
1761	2
1762	2
1763	2
1764	2
1765	2
1766	2
1767	2
1768	2
1769	2
1770	2
1771	1
1772	1
1773	1
1774	1
1775	2
1776	2
1777	2
1778	2
1779	2
1780	1
1781	1
1782	1
1783	1
1784	2
1785	2
1786	2
1787	2
1788	2
1789	2
1790	1
1791	1
1792	1
1793	1
1794	1
1795	2
1796	2
1797	2
1798	2
1799	2
1800	1
1801	2
1802	1
1803	1
1804	1
1805	1
1806	1
1807	0
1808	0
1809	1
1810	1
1811	1
1812	2
1813	1
1814	1
1815	1
1816	1
1817	0
1818	1
1819	0
1820	0
1821	0
1822	0
1823	1
1824	1
1825	1
1826	1
1827	1
1828	1
1829	1
1830	1
1831	1
1832	1
1833	1
1834	1
1835	1
1836	0
1837	0
1838	1
1839	1
1840	0
1841	0
1842	0
1843	0
1844	0
1845	0
1846	0
1847	0
1848	0
1849	0
1850	0
1851	0
1852	0
1853	0
1854	0
1855	1
1856	1
1857	1
1858	1
1859	1
1860	1
1861	1
1862	0
1863	1
1864	1
1865	1
1866	1
1867	1
1868	1
1869	0
1870	0
1871	0
1872	0
1873	0
1874	0
1875	0
1876	0
1877	0
1878	0
1879	0
1880	0
1881	0
1882	0
1883	0
1884	0
1885	0
1886	0
1887	0
1888	0
1889	0
1890	0
1891	0
1892	0
1893	0
1894	0
1895	0
1896	0
1897	0
1898	0
1899	0
1900	0
1901	0
1902	0
1903	0
1904	0
1905	0
1906	0
1907	0
1908	0
1909	0
1910	0
1911	0
1912	0
1913	0
1914	0
1915	0
1916	0
1917	0
1918	0
1919	0
1920	0
1921	0
1922	0
1923	0
1924	0
1925	0
1926	0
1927	0
1928	0
1929	0
1930	0
1931	0
1932	0
1933	0
1934	0
1935	0
1936	0
1937	0
1938	0
1939	0
1940	0
1941	0
1942	0
1943	0
1944	0
1945	0
1946	0
1947	0
1948	0
1949	0
1950	0
1951	0
1952	0
1953	0
1954	0
1955	0
1956	0
1957	0
1958	0
1959	0
1960	0
1961	0
1962	0
1963	0
1964	0
1965	0
1966	0
1967	0
1968	0
1969	0
1970	0
1971	0
1972	0
1973	0
1974	0
1975	0
1976	0
1977	0
1978	0
1979	0
1980	0
1981	0
1982	0
1983	0
1984	0
1985	0
1986	0
1987	0
1988	0
1989	0
1990	0
1991	0
1992	0
1993	0
1994	0
1995	0
1996	0
1997	0
1998	0
1999	0
2000	0
2001	0
2002	0
2003	0
2004	0
2005	0
2006	0
2007	0
2008	0
2009	0
2010	0
2011	0
2012	0
2013	0
2014	0
2015	0
2016	0
2017	0
2018	0
2019	0
2020	0
2021	0
2022	0
2023	0
2024	0
2025	0
2026	0
2027	0
2028	0
2029	0
2030	0
2031	0
2032	0
2033	0
2034	0
2035	0
2036	0
2037	0
2038	0
2039	0
2040	0
2041	0
2042	0
2043	0
2044	0
2045	0
2046	0
2047	18
