Amplitude (ADC Kanal) -  (Histogram)	Counts -  (Histogram)
0	0
1	0
2	0
3	0
4	0
5	0
6	0
7	0
8	0
9	0
10	0
11	0
12	0
13	0
14	0
15	0
16	0
17	0
18	0
19	0
20	0
21	0
22	0
23	0
24	0
25	0
26	0
27	0
28	0
29	0
30	0
31	0
32	0
33	0
34	0
35	0
36	0
37	0
38	0
39	1
40	0
41	1
42	2
43	3
44	4
45	5
46	7
47	10
48	14
49	19
50	28
51	42
52	58
53	83
54	115
55	160
56	201
57	254
58	306
59	361
60	413
61	459
62	509
63	558
64	572
65	570
66	573
67	553
68	529
69	528
70	538
71	544
72	575
73	608
74	630
75	644
76	654
77	637
78	599
79	584
80	567
81	543
82	526
83	518
84	498
85	478
86	484
87	485
88	493
89	504
90	513
91	513
92	514
93	519
94	511
95	508
96	504
97	505
98	500
99	494
100	489
101	484
102	474
103	464
104	476
105	495
106	504
107	527
108	547
109	559
110	550
111	554
112	555
113	560
114	558
115	575
116	577
117	577
118	573
119	573
120	560
121	560
122	561
123	555
124	554
125	556
126	555
127	563
128	570
129	575
130	574
131	568
132	542
133	536
134	541
135	536
136	543
137	548
138	557
139	559
140	583
141	597
142	638
143	690
144	732
145	773
146	820
147	844
148	840
149	863
150	875
151	877
152	883
153	910
154	902
155	898
156	885
157	869
158	835
159	815
160	806
161	815
162	823
163	826
164	824
165	814
166	796
167	776
168	766
169	753
170	740
171	724
172	712
173	689
174	689
175	687
176	699
177	716
178	735
179	730
180	735
181	728
182	716
183	717
184	724
185	721
186	706
187	706
188	698
189	686
190	671
191	677
192	659
193	646
194	632
195	630
196	620
197	634
198	635
199	637
200	639
201	635
202	619
203	612
204	605
205	585
206	561
207	550
208	539
209	535
210	552
211	564
212	583
213	590
214	585
215	588
216	605
217	608
218	623
219	635
220	630
221	618
222	605
223	592
224	591
225	584
226	580
227	573
228	565
229	552
230	554
231	555
232	548
233	550
234	550
235	538
236	530
237	537
238	540
239	542
240	538
241	530
242	516
243	500
244	492
245	500
246	502
247	508
248	503
249	511
250	496
251	494
252	502
253	519
254	516
255	525
256	521
257	511
258	500
259	501
260	502
261	501
262	498
263	491
264	482
265	472
266	464
267	463
268	457
269	455
270	451
271	458
272	451
273	445
274	427
275	416
276	394
277	387
278	394
279	414
280	429
281	450
282	459
283	459
284	462
285	477
286	485
287	499
288	512
289	516
290	524
291	523
292	521
293	522
294	526
295	520
296	525
297	536
298	547
299	556
300	560
301	560
302	557
303	551
304	531
305	523
306	523
307	512
308	506
309	514
310	509
311	503
312	509
313	510
314	514
315	505
316	495
317	492
318	484
319	472
320	494
321	503
322	509
323	517
324	526
325	512
326	514
327	514
328	511
329	507
330	503
331	496
332	487
333	480
334	470
335	466
336	454
337	442
338	433
339	425
340	413
341	412
342	401
343	394
344	385
345	377
346	359
347	349
348	340
349	323
350	312
351	299
352	293
353	287
354	284
355	281
356	277
357	270
358	259
359	246
360	238
361	232
362	222
363	217
364	213
365	205
366	202
367	196
368	186
369	176
370	170
371	158
372	149
373	144
374	143
375	134
376	134
377	133
378	131
379	127
380	126
381	122
382	118
383	111
384	108
385	107
386	105
387	101
388	99
389	97
390	95
391	96
392	93
393	92
394	91
395	88
396	83
397	84
398	82
399	80
400	80
401	81
402	79
403	81
404	80
405	78
406	75
407	72
408	66
409	64
410	63
411	58
412	61
413	64
414	62
415	60
416	63
417	59
418	55
419	57
420	56
421	55
422	55
423	58
424	57
425	59
426	63
427	66
428	64
429	64
430	65
431	64
432	68
433	73
434	74
435	78
436	85
437	90
438	98
439	107
440	116
441	123
442	128
443	132
444	142
445	154
446	167
447	182
448	198
449	218
450	235
451	257
452	281
453	310
454	334
455	362
456	392
457	422
458	454
459	503
460	551
461	596
462	647
463	715
464	768
465	838
466	904
467	971
468	1041
469	1097
470	1156
471	1222
472	1291
473	1353
474	1438
475	1504
476	1579
477	1655
478	1723
479	1761
480	1820
481	1851
482	1877
483	1910
484	1951
485	1961
486	1998
487	2034
488	2051
489	2059
490	2096
491	2117
492	2124
493	2130
494	2140
495	2129
496	2101
497	2088
498	2054
499	2043
500	2007
501	1974
502	1931
503	1901
504	1824
505	1765
506	1692
507	1627
508	1556
509	1524
510	1458
511	1405
512	1339
513	1270
514	1188
515	1124
516	1065
517	994
518	944
519	892
520	838
521	786
522	733
523	671
524	618
525	576
526	534
527	508
528	487
529	458
530	443
531	423
532	411
533	390
534	382
535	358
536	338
537	319
538	309
539	290
540	282
541	280
542	264
543	246
544	242
545	226
546	216
547	209
548	201
549	184
550	183
551	178
552	168
553	163
554	156
555	152
556	143
557	143
558	143
559	145
560	140
561	141
562	138
563	138
564	137
565	134
566	131
567	129
568	126
569	117
570	113
571	116
572	116
573	113
574	118
575	113
576	105
577	101
578	99
579	91
580	92
581	89
582	86
583	81
584	81
585	77
586	74
587	69
588	67
589	61
590	56
591	54
592	51
593	45
594	43
595	39
596	36
597	34
598	32
599	30
600	28
601	23
602	20
603	18
604	16
605	16
606	15
607	14
608	14
609	13
610	12
611	11
612	10
613	9
614	9
615	8
616	10
617	10
618	9
619	8
620	6
621	4
622	4
623	4
624	5
625	5
626	5
627	5
628	5
629	5
630	4
631	5
632	5
633	4
634	4
635	4
636	4
637	4
638	4
639	4
640	3
641	4
642	3
643	3
644	3
645	4
646	4
647	4
648	4
649	4
650	4
651	3
652	3
653	3
654	3
655	3
656	3
657	3
658	3
659	3
660	2
661	2
662	2
663	3
664	3
665	3
666	2
667	3
668	2
669	2
670	2
671	3
672	3
673	3
674	3
675	3
676	3
677	3
678	3
679	2
680	3
681	2
682	2
683	2
684	2
685	2
686	2
687	2
688	1
689	2
690	2
691	2
692	2
693	3
694	3
695	2
696	2
697	2
698	2
699	2
700	2
701	2
702	2
703	2
704	1
705	3
706	3
707	3
708	4
709	4
710	4
711	3
712	3
713	3
714	2
715	2
716	2
717	2
718	2
719	3
720	3
721	3
722	2
723	2
724	2
725	2
726	2
727	2
728	1
729	1
730	1
731	2
732	2
733	2
734	2
735	2
736	1
737	1
738	2
739	2
740	3
741	3
742	4
743	3
744	2
745	1
746	2
747	1
748	2
749	2
750	2
751	2
752	3
753	2
754	2
755	2
756	2
757	2
758	2
759	2
760	2
761	2
762	2
763	1
764	2
765	1
766	1
767	1
768	2
769	1
770	2
771	2
772	2
773	3
774	2
775	1
776	1
777	1
778	0
779	1
780	1
781	1
782	1
783	2
784	1
785	2
786	2
787	2
788	1
789	1
790	1
791	1
792	2
793	2
794	2
795	2
796	2
797	3
798	3
799	3
800	3
801	3
802	2
803	2
804	1
805	2
806	1
807	1
808	2
809	2
810	1
811	1
812	1
813	1
814	1
815	1
816	1
817	1
818	1
819	1
820	1
821	2
822	2
823	1
824	2
825	2
826	1
827	1
828	1
829	1
830	1
831	1
832	1
833	1
834	0
835	1
836	1
837	1
838	1
839	1
840	1
841	1
842	1
843	1
844	2
845	1
846	2
847	2
848	2
849	1
850	1
851	1
852	1
853	0
854	1
855	1
856	1
857	1
858	1
859	1
860	0
861	0
862	0
863	0
864	1
865	1
866	1
867	1
868	1
869	1
870	1
871	1
872	1
873	1
874	1
875	1
876	1
877	1
878	1
879	1
880	1
881	1
882	1
883	1
884	1
885	1
886	1
887	1
888	1
889	1
890	1
891	1
892	1
893	1
894	1
895	1
896	1
897	0
898	1
899	1
900	1
901	1
902	1
903	1
904	0
905	0
906	0
907	1
908	1
909	1
910	1
911	1
912	1
913	1
914	1
915	1
916	1
917	2
918	2
919	2
920	1
921	1
922	1
923	1
924	1
925	1
926	1
927	2
928	1
929	1
930	1
931	1
932	1
933	1
934	2
935	2
936	1
937	1
938	1
939	1
940	1
941	1
942	1
943	1
944	2
945	2
946	2
947	2
948	1
949	1
950	1
951	2
952	2
953	2
954	2
955	1
956	2
957	1
958	2
959	2
960	2
961	1
962	1
963	1
964	1
965	1
966	1
967	1
968	1
969	1
970	1
971	1
972	0
973	0
974	1
975	0
976	0
977	0
978	0
979	0
980	0
981	0
982	0
983	0
984	0
985	0
986	1
987	1
988	1
989	1
990	1
991	1
992	0
993	0
994	1
995	1
996	1
997	0
998	0
999	0
1000	1
1001	1
1002	1
1003	1
1004	0
1005	0
1006	0
1007	0
1008	0
1009	0
1010	0
1011	0
1012	0
1013	1
1014	1
1015	1
1016	1
1017	1
1018	1
1019	1
1020	0
1021	0
1022	0
1023	0
1024	0
1025	0
1026	0
1027	0
1028	0
1029	0
1030	0
1031	0
1032	0
1033	0
1034	0
1035	0
1036	0
1037	0
1038	0
1039	0
1040	0
1041	0
1042	0
1043	0
1044	0
1045	0
1046	0
1047	0
1048	0
1049	0
1050	0
1051	0
1052	0
1053	0
1054	0
1055	0
1056	0
1057	0
1058	0
1059	0
1060	0
1061	0
1062	0
1063	0
1064	0
1065	0
1066	0
1067	0
1068	0
1069	0
1070	0
1071	0
1072	0
1073	0
1074	0
1075	0
1076	0
1077	0
1078	0
1079	0
1080	0
1081	0
1082	0
1083	0
1084	0
1085	0
1086	0
1087	0
1088	0
1089	0
1090	0
1091	0
1092	0
1093	0
1094	0
1095	0
1096	0
1097	0
1098	0
1099	0
1100	0
1101	0
1102	0
1103	0
1104	0
1105	0
1106	0
1107	0
1108	0
1109	0
1110	0
1111	0
1112	0
1113	0
1114	0
1115	0
1116	0
1117	0
1118	0
1119	0
1120	0
1121	0
1122	0
1123	0
1124	0
1125	0
1126	0
1127	0
1128	0
1129	0
1130	0
1131	0
1132	0
1133	0
1134	0
1135	0
1136	0
1137	0
1138	0
1139	0
1140	0
1141	0
1142	0
1143	0
1144	0
1145	0
1146	0
1147	0
1148	0
1149	0
1150	0
1151	0
1152	0
1153	0
1154	0
1155	0
1156	0
1157	0
1158	0
1159	0
1160	0
1161	0
1162	0
1163	0
1164	0
1165	0
1166	0
1167	0
1168	0
1169	0
1170	0
1171	0
1172	0
1173	0
1174	0
1175	0
1176	0
1177	0
1178	0
1179	0
1180	0
1181	0
1182	0
1183	0
1184	0
1185	0
1186	0
1187	0
1188	0
1189	0
1190	0
1191	0
1192	0
1193	0
1194	0
1195	0
1196	0
1197	0
1198	0
1199	0
1200	0
1201	0
1202	0
1203	0
1204	0
1205	0
1206	0
1207	0
1208	0
1209	0
1210	0
1211	0
1212	0
1213	0
1214	0
1215	0
1216	0
1217	0
1218	0
1219	0
1220	0
1221	0
1222	0
1223	0
1224	0
1225	0
1226	0
1227	0
1228	0
1229	0
1230	0
1231	0
1232	0
1233	0
1234	0
1235	0
1236	0
1237	0
1238	0
1239	0
1240	0
1241	0
1242	0
1243	0
1244	0
1245	0
1246	0
1247	0
1248	0
1249	0
1250	0
1251	0
1252	0
1253	0
1254	0
1255	0
1256	0
1257	0
1258	0
1259	0
1260	0
1261	0
1262	0
1263	0
1264	0
1265	0
1266	0
1267	0
1268	0
1269	0
1270	0
1271	0
1272	0
1273	0
1274	0
1275	0
1276	0
1277	0
1278	0
1279	0
1280	0
1281	0
1282	0
1283	0
1284	0
1285	0
1286	0
1287	0
1288	0
1289	0
1290	0
1291	0
1292	0
1293	0
1294	0
1295	0
1296	0
1297	0
1298	0
1299	0
1300	0
1301	0
1302	0
1303	0
1304	0
1305	0
1306	0
1307	0
1308	0
1309	0
1310	0
1311	0
1312	0
1313	0
1314	0
1315	0
1316	0
1317	0
1318	0
1319	0
1320	0
1321	0
1322	0
1323	0
1324	0
1325	0
1326	0
1327	0
1328	0
1329	0
1330	0
1331	0
1332	0
1333	0
1334	0
1335	0
1336	0
1337	0
1338	0
1339	0
1340	0
1341	0
1342	0
1343	0
1344	0
1345	0
1346	0
1347	0
1348	0
1349	0
1350	0
1351	0
1352	0
1353	0
1354	0
1355	0
1356	0
1357	0
1358	0
1359	0
1360	0
1361	0
1362	0
1363	0
1364	0
1365	0
1366	0
1367	0
1368	0
1369	0
1370	0
1371	0
1372	0
1373	0
1374	0
1375	0
1376	0
1377	0
1378	0
1379	0
1380	0
1381	0
1382	0
1383	0
1384	0
1385	0
1386	0
1387	0
1388	0
1389	0
1390	0
1391	0
1392	0
1393	0
1394	0
1395	0
1396	0
1397	0
1398	0
1399	0
1400	0
1401	0
1402	0
1403	0
1404	0
1405	0
1406	0
1407	0
1408	0
1409	0
1410	0
1411	0
1412	0
1413	0
1414	0
1415	0
1416	0
1417	0
1418	0
1419	0
1420	0
1421	0
1422	0
1423	0
1424	0
1425	0
1426	0
1427	0
1428	0
1429	0
1430	0
1431	0
1432	0
1433	0
1434	0
1435	0
1436	0
1437	0
1438	0
1439	0
1440	0
1441	0
1442	0
1443	0
1444	0
1445	0
1446	0
1447	0
1448	0
1449	0
1450	0
1451	0
1452	0
1453	0
1454	0
1455	0
1456	0
1457	0
1458	0
1459	0
1460	0
1461	0
1462	0
1463	0
1464	0
1465	0
1466	0
1467	0
1468	0
1469	0
1470	0
1471	0
1472	0
1473	0
1474	0
1475	0
1476	0
1477	0
1478	0
1479	0
1480	0
1481	0
1482	0
1483	0
1484	0
1485	0
1486	0
1487	0
1488	0
1489	0
1490	0
1491	0
1492	0
1493	0
1494	0
1495	0
1496	0
1497	0
1498	0
1499	0
1500	0
1501	0
1502	0
1503	0
1504	0
1505	0
1506	0
1507	0
1508	0
1509	0
1510	0
1511	0
1512	0
1513	0
1514	0
1515	0
1516	0
1517	0
1518	0
1519	0
1520	0
1521	0
1522	0
1523	0
1524	0
1525	0
1526	0
1527	0
1528	0
1529	0
1530	0
1531	0
1532	0
1533	0
1534	0
1535	0
1536	0
1537	0
1538	0
1539	0
1540	0
1541	0
1542	0
1543	0
1544	0
1545	0
1546	0
1547	0
1548	0
1549	0
1550	0
1551	0
1552	0
1553	0
1554	0
1555	0
1556	0
1557	0
1558	0
1559	0
1560	0
1561	0
1562	0
1563	0
1564	0
1565	0
1566	0
1567	0
1568	0
1569	0
1570	0
1571	0
1572	0
1573	0
1574	0
1575	0
1576	0
1577	0
1578	0
1579	0
1580	0
1581	0
1582	0
1583	0
1584	0
1585	0
1586	0
1587	0
1588	0
1589	0
1590	0
1591	0
1592	0
1593	0
1594	0
1595	0
1596	0
1597	0
1598	0
1599	0
1600	0
1601	0
1602	0
1603	0
1604	0
1605	0
1606	0
1607	0
1608	0
1609	0
1610	0
1611	0
1612	0
1613	0
1614	0
1615	0
1616	0
1617	0
1618	0
1619	0
1620	0
1621	0
1622	0
1623	0
1624	0
1625	0
1626	0
1627	0
1628	0
1629	0
1630	0
1631	0
1632	0
1633	0
1634	0
1635	0
1636	0
1637	0
1638	0
1639	0
1640	0
1641	0
1642	0
1643	0
1644	0
1645	0
1646	0
1647	0
1648	0
1649	0
1650	0
1651	0
1652	0
1653	0
1654	0
1655	0
1656	0
1657	0
1658	0
1659	0
1660	0
1661	0
1662	0
1663	0
1664	0
1665	0
1666	0
1667	0
1668	0
1669	0
1670	0
1671	0
1672	0
1673	0
1674	0
1675	0
1676	0
1677	0
1678	0
1679	0
1680	0
1681	0
1682	0
1683	0
1684	0
1685	0
1686	0
1687	0
1688	0
1689	0
1690	0
1691	0
1692	0
1693	0
1694	0
1695	0
1696	0
1697	0
1698	0
1699	0
1700	0
1701	0
1702	0
1703	0
1704	0
1705	0
1706	0
1707	0
1708	0
1709	0
1710	0
1711	0
1712	0
1713	0
1714	0
1715	0
1716	0
1717	0
1718	0
1719	0
1720	0
1721	0
1722	0
1723	0
1724	0
1725	0
1726	0
1727	0
1728	0
1729	0
1730	0
1731	0
1732	0
1733	0
1734	0
1735	0
1736	0
1737	0
1738	0
1739	0
1740	0
1741	0
1742	0
1743	0
1744	0
1745	0
1746	0
1747	0
1748	0
1749	0
1750	0
1751	0
1752	0
1753	0
1754	0
1755	0
1756	0
1757	0
1758	0
1759	0
1760	0
1761	0
1762	0
1763	0
1764	0
1765	0
1766	0
1767	0
1768	0
1769	0
1770	0
1771	0
1772	0
1773	0
1774	0
1775	0
1776	0
1777	0
1778	0
1779	0
1780	0
1781	0
1782	0
1783	0
1784	0
1785	0
1786	0
1787	0
1788	0
1789	0
1790	0
1791	0
1792	0
1793	0
1794	0
1795	0
1796	0
1797	0
1798	0
1799	0
1800	0
1801	0
1802	0
1803	0
1804	0
1805	0
1806	0
1807	0
1808	0
1809	0
1810	0
1811	0
1812	0
1813	0
1814	0
1815	0
1816	0
1817	0
1818	0
1819	0
1820	0
1821	0
1822	0
1823	0
1824	0
1825	0
1826	0
1827	0
1828	0
1829	0
1830	0
1831	0
1832	0
1833	0
1834	0
1835	0
1836	0
1837	0
1838	0
1839	0
1840	0
1841	0
1842	0
1843	0
1844	0
1845	0
1846	0
1847	0
1848	0
1849	0
1850	0
1851	0
1852	0
1853	0
1854	0
1855	0
1856	0
1857	0
1858	0
1859	0
1860	0
1861	0
1862	0
1863	0
1864	0
1865	0
1866	0
1867	0
1868	0
1869	0
1870	0
1871	0
1872	0
1873	0
1874	0
1875	0
1876	0
1877	0
1878	0
1879	0
1880	0
1881	0
1882	0
1883	0
1884	0
1885	0
1886	0
1887	0
1888	0
1889	0
1890	0
1891	0
1892	0
1893	0
1894	0
1895	0
1896	0
1897	0
1898	0
1899	0
1900	0
1901	0
1902	0
1903	0
1904	0
1905	0
1906	0
1907	0
1908	0
1909	0
1910	0
1911	0
1912	0
1913	0
1914	0
1915	0
1916	0
1917	0
1918	0
1919	0
1920	0
1921	0
1922	0
1923	0
1924	0
1925	0
1926	0
1927	0
1928	0
1929	0
1930	0
1931	0
1932	0
1933	0
1934	0
1935	0
1936	0
1937	0
1938	0
1939	0
1940	0
1941	0
1942	0
1943	0
1944	0
1945	0
1946	0
1947	0
1948	0
1949	0
1950	0
1951	0
1952	0
1953	0
1954	0
1955	0
1956	0
1957	0
1958	0
1959	0
1960	0
1961	0
1962	0
1963	0
1964	0
1965	0
1966	0
1967	0
1968	0
1969	0
1970	0
1971	0
1972	0
1973	0
1974	0
1975	0
1976	0
1977	0
1978	0
1979	0
1980	0
1981	0
1982	0
1983	0
1984	0
1985	0
1986	0
1987	0
1988	0
1989	0
1990	0
1991	0
1992	0
1993	0
1994	0
1995	0
1996	0
1997	0
1998	0
1999	0
2000	0
2001	0
2002	0
2003	0
2004	0
2005	0
2006	0
2007	0
2008	0
2009	0
2010	0
2011	0
2012	0
2013	0
2014	0
2015	0
2016	0
2017	0
2018	0
2019	0
2020	0
2021	0
2022	0
2023	0
2024	0
2025	0
2026	0
2027	0
2028	0
2029	0
2030	0
2031	0
2032	0
2033	0
2034	0
2035	0
2036	0
2037	0
2038	0
2039	0
2040	0
2041	0
2042	0
2043	0
2044	0
2045	0
2046	0
2047	0
