Amplitude ( ADC Kanal) -  (Histogram)	Counts -  (Histogram)
0	0
1	0
2	0
3	0
4	0
5	0
6	0
7	0
8	0
9	0
10	0
11	0
12	0
13	0
14	0
15	0
16	0
17	0
18	0
19	0
20	0
21	0
22	0
23	0
24	0
25	0
26	0
27	0
28	0
29	0
30	0
31	0
32	0
33	0
34	0
35	0
36	0
37	0
38	0
39	1
40	1
41	0
42	0
43	0
44	0
45	0
46	0
47	1
48	1
49	1
50	1
51	1
52	1
53	1
54	0
55	0
56	0
57	0
58	0
59	1
60	1
61	1
62	1
63	1
64	1
65	1
66	1
67	1
68	1
69	1
70	1
71	1
72	1
73	1
74	0
75	1
76	1
77	1
78	1
79	2
80	2
81	2
82	2
83	2
84	2
85	2
86	1
87	1
88	1
89	2
90	1
91	1
92	1
93	1
94	1
95	1
96	1
97	1
98	2
99	2
100	3
101	3
102	3
103	3
104	2
105	2
106	2
107	2
108	2
109	3
110	4
111	5
112	5
113	5
114	5
115	4
116	4
117	4
118	5
119	6
120	6
121	5
122	6
123	5
124	5
125	4
126	4
127	3
128	4
129	4
130	4
131	5
132	6
133	6
134	6
135	6
136	6
137	5
138	4
139	4
140	4
141	5
142	4
143	5
144	5
145	6
146	6
147	7
148	8
149	8
150	7
151	6
152	6
153	6
154	6
155	6
156	7
157	7
158	6
159	6
160	5
161	5
162	5
163	5
164	5
165	5
166	5
167	5
168	4
169	4
170	5
171	5
172	4
173	4
174	4
175	4
176	4
177	4
178	4
179	4
180	4
181	3
182	3
183	4
184	3
185	4
186	3
187	4
188	3
189	3
190	2
191	3
192	2
193	3
194	3
195	4
196	4
197	4
198	3
199	3
200	2
201	2
202	3
203	3
204	2
205	2
206	2
207	2
208	2
209	3
210	3
211	3
212	2
213	2
214	2
215	3
216	3
217	3
218	4
219	3
220	3
221	4
222	4
223	3
224	3
225	3
226	4
227	3
228	4
229	4
230	4
231	3
232	4
233	4
234	3
235	4
236	3
237	3
238	2
239	2
240	2
241	2
242	2
243	2
244	2
245	3
246	2
247	3
248	3
249	4
250	4
251	4
252	4
253	4
254	3
255	4
256	4
257	4
258	4
259	5
260	5
261	5
262	5
263	6
264	6
265	6
266	6
267	6
268	5
269	4
270	3
271	3
272	3
273	3
274	4
275	3
276	4
277	4
278	4
279	4
280	5
281	5
282	5
283	5
284	5
285	6
286	5
287	5
288	5
289	5
290	6
291	6
292	6
293	6
294	5
295	4
296	4
297	4
298	4
299	5
300	5
301	6
302	7
303	7
304	6
305	6
306	6
307	5
308	5
309	5
310	6
311	6
312	7
313	7
314	8
315	8
316	9
317	10
318	10
319	11
320	12
321	12
322	14
323	17
324	17
325	21
326	24
327	27
328	26
329	28
330	30
331	34
332	38
333	41
334	44
335	47
336	48
337	53
338	60
339	66
340	66
341	73
342	75
343	77
344	76
345	83
346	81
347	82
348	85
349	90
350	88
351	91
352	89
353	89
354	89
355	92
356	95
357	98
358	95
359	91
360	85
361	81
362	83
363	81
364	81
365	81
366	77
367	68
368	63
369	59
370	54
371	51
372	51
373	46
374	42
375	41
376	38
377	32
378	31
379	30
380	27
381	23
382	22
383	21
384	19
385	16
386	14
387	13
388	11
389	8
390	7
391	6
392	5
393	4
394	5
395	4
396	5
397	4
398	4
399	3
400	3
401	3
402	2
403	3
404	2
405	1
406	1
407	1
408	1
409	1
410	1
411	0
412	0
413	0
414	0
415	0
416	0
417	0
418	0
419	0
420	0
421	1
422	0
423	0
424	0
425	0
426	0
427	0
428	0
429	0
430	0
431	0
432	0
433	0
434	0
435	0
436	0
437	0
438	0
439	0
440	0
441	1
442	1
443	1
444	1
445	0
446	0
447	0
448	0
449	0
450	0
451	0
452	0
453	0
454	0
455	0
456	0
457	0
458	0
459	0
460	0
461	0
462	0
463	0
464	0
465	0
466	0
467	0
468	0
469	0
470	0
471	0
472	0
473	0
474	1
475	0
476	1
477	1
478	1
479	1
480	1
481	1
482	1
483	1
484	2
485	2
486	1
487	1
488	1
489	1
490	1
491	1
492	1
493	0
494	1
495	1
496	1
497	1
498	2
499	2
500	2
501	2
502	1
503	1
504	1
505	1
506	2
507	2
508	1
509	2
510	1
511	2
512	2
513	2
514	2
515	2
516	2
517	2
518	2
519	1
520	1
521	0
522	1
523	1
524	1
525	1
526	2
527	2
528	2
529	1
530	1
531	1
532	0
533	1
534	1
535	0
536	0
537	0
538	0
539	0
540	0
541	0
542	0
543	0
544	0
545	0
546	0
547	0
548	0
549	0
550	0
551	0
552	0
553	0
554	0
555	0
556	0
557	0
558	0
559	0
560	0
561	0
562	0
563	0
564	1
565	1
566	1
567	0
568	0
569	0
570	0
571	0
572	0
573	0
574	0
575	0
576	0
577	0
578	0
579	0
580	0
581	0
582	0
583	0
584	0
585	0
586	0
587	0
588	0
589	0
590	0
591	0
592	0
593	0
594	0
595	0
596	0
597	0
598	0
599	0
600	0
601	0
602	0
603	0
604	0
605	0
606	0
607	0
608	0
609	0
610	0
611	0
612	0
613	0
614	0
615	0
616	0
617	0
618	0
619	0
620	0
621	0
622	0
623	0
624	0
625	0
626	0
627	0
628	0
629	0
630	0
631	0
632	0
633	0
634	0
635	0
636	0
637	0
638	0
639	0
640	0
641	0
642	0
643	0
644	0
645	0
646	0
647	0
648	0
649	0
650	0
651	0
652	0
653	0
654	0
655	0
656	0
657	0
658	0
659	0
660	0
661	0
662	0
663	0
664	0
665	0
666	0
667	0
668	0
669	0
670	0
671	0
672	0
673	0
674	0
675	0
676	0
677	0
678	0
679	0
680	0
681	0
682	0
683	0
684	0
685	0
686	0
687	0
688	0
689	0
690	0
691	0
692	0
693	0
694	0
695	0
696	0
697	0
698	0
699	0
700	0
701	0
702	0
703	0
704	0
705	0
706	0
707	0
708	0
709	0
710	0
711	0
712	0
713	0
714	0
715	0
716	0
717	0
718	0
719	0
720	0
721	0
722	0
723	0
724	0
725	0
726	0
727	0
728	0
729	0
730	0
731	0
732	0
733	0
734	0
735	0
736	0
737	0
738	0
739	0
740	0
741	0
742	0
743	0
744	0
745	0
746	0
747	0
748	0
749	0
750	0
751	0
752	0
753	0
754	0
755	0
756	0
757	0
758	0
759	0
760	0
761	0
762	0
763	0
764	0
765	0
766	0
767	0
768	0
769	0
770	0
771	0
772	0
773	0
774	0
775	0
776	0
777	0
778	0
779	0
780	0
781	0
782	0
783	0
784	0
785	0
786	0
787	0
788	0
789	0
790	0
791	0
792	0
793	0
794	0
795	0
796	0
797	0
798	0
799	0
800	0
801	0
802	0
803	0
804	0
805	0
806	0
807	0
808	0
809	0
810	0
811	0
812	0
813	0
814	0
815	0
816	0
817	0
818	0
819	0
820	0
821	0
822	0
823	0
824	0
825	0
826	0
827	0
828	0
829	0
830	0
831	0
832	0
833	0
834	0
835	0
836	0
837	0
838	0
839	0
840	0
841	0
842	0
843	0
844	0
845	0
846	0
847	0
848	0
849	0
850	0
851	0
852	0
853	0
854	0
855	0
856	0
857	0
858	0
859	0
860	0
861	0
862	0
863	0
864	0
865	0
866	0
867	0
868	0
869	0
870	0
871	0
872	0
873	0
874	0
875	0
876	0
877	0
878	0
879	0
880	0
881	0
882	0
883	0
884	0
885	0
886	0
887	0
888	0
889	0
890	0
891	0
892	0
893	0
894	0
895	0
896	0
897	0
898	0
899	0
900	0
901	0
902	0
903	0
904	0
905	0
906	0
907	0
908	0
909	0
910	0
911	0
912	0
913	0
914	0
915	0
916	0
917	0
918	0
919	0
920	0
921	0
922	0
923	0
924	0
925	0
926	0
927	0
928	0
929	0
930	0
931	0
932	0
933	0
934	0
935	0
936	0
937	0
938	0
939	0
940	0
941	0
942	0
943	0
944	0
945	0
946	0
947	0
948	0
949	0
950	0
951	0
952	0
953	0
954	0
955	0
956	0
957	0
958	0
959	0
960	0
961	0
962	0
963	0
964	0
965	0
966	0
967	0
968	0
969	0
970	0
971	0
972	0
973	0
974	0
975	0
976	0
977	0
978	0
979	0
980	0
981	0
982	0
983	0
984	0
985	0
986	0
987	0
988	0
989	0
990	0
991	0
992	0
993	0
994	0
995	0
996	0
997	0
998	0
999	0
1000	0
1001	0
1002	0
1003	0
1004	0
1005	0
1006	0
1007	0
1008	0
1009	0
1010	0
1011	0
1012	0
1013	0
1014	0
1015	0
1016	0
1017	0
1018	0
1019	0
1020	0
1021	0
1022	0
1023	0
1024	0
1025	0
1026	0
1027	0
1028	0
1029	0
1030	0
1031	0
1032	0
1033	0
1034	0
1035	0
1036	0
1037	0
1038	0
1039	0
1040	0
1041	0
1042	0
1043	0
1044	0
1045	0
1046	0
1047	0
1048	0
1049	0
1050	0
1051	0
1052	0
1053	0
1054	0
1055	0
1056	0
1057	0
1058	0
1059	0
1060	0
1061	0
1062	0
1063	0
1064	0
1065	0
1066	0
1067	0
1068	0
1069	0
1070	0
1071	0
1072	0
1073	0
1074	0
1075	0
1076	0
1077	0
1078	0
1079	0
1080	0
1081	0
1082	0
1083	0
1084	0
1085	0
1086	0
1087	0
1088	0
1089	0
1090	0
1091	0
1092	0
1093	0
1094	0
1095	0
1096	0
1097	0
1098	0
1099	0
1100	0
1101	0
1102	0
1103	0
1104	0
1105	0
1106	0
1107	0
1108	0
1109	0
1110	0
1111	0
1112	0
1113	0
1114	0
1115	0
1116	0
1117	0
1118	0
1119	0
1120	0
1121	0
1122	0
1123	0
1124	0
1125	0
1126	0
1127	0
1128	0
1129	0
1130	0
1131	0
1132	0
1133	0
1134	0
1135	0
1136	0
1137	0
1138	0
1139	0
1140	0
1141	0
1142	0
1143	0
1144	0
1145	0
1146	0
1147	0
1148	0
1149	0
1150	0
1151	0
1152	0
1153	0
1154	0
1155	0
1156	0
1157	0
1158	0
1159	0
1160	0
1161	0
1162	0
1163	0
1164	0
1165	0
1166	0
1167	0
1168	0
1169	0
1170	0
1171	0
1172	0
1173	0
1174	0
1175	0
1176	0
1177	0
1178	0
1179	0
1180	0
1181	0
1182	0
1183	0
1184	0
1185	0
1186	0
1187	0
1188	0
1189	0
1190	0
1191	0
1192	0
1193	0
1194	0
1195	0
1196	0
1197	0
1198	0
1199	0
1200	0
