Amplitude ( ADC Kanal) -  (Histogram)	Counts -  (Histogram)
0	0
1	0
2	0
3	0
4	0
5	0
6	0
7	0
8	0
9	0
10	0
11	0
12	0
13	0
14	0
15	0
16	0
17	0
18	0
19	0
20	0
21	0
22	0
23	0
24	0
25	0
26	0
27	0
28	0
29	0
30	0
31	0
32	0
33	0
34	0
35	0
36	0
37	0
38	0
39	0
40	0
41	0
42	0
43	0
44	0
45	0
46	0
47	1
48	2
49	2
50	4
51	6
52	7
53	10
54	14
55	20
56	25
57	33
58	40
59	47
60	52
61	54
62	55
63	56
64	57
65	58
66	60
67	62
68	59
69	57
70	58
71	62
72	63
73	68
74	74
75	72
76	70
77	69
78	67
79	64
80	65
81	62
82	62
83	59
84	54
85	52
86	54
87	54
88	55
89	60
90	58
91	57
92	56
93	61
94	59
95	62
96	61
97	61
98	57
99	58
100	58
101	56
102	53
103	53
104	51
105	51
106	53
107	60
108	60
109	62
110	59
111	60
112	54
113	56
114	55
115	54
116	53
117	54
118	52
119	51
120	53
121	54
122	54
123	54
124	51
125	51
126	50
127	52
128	53
129	56
130	57
131	55
132	52
133	47
134	44
135	40
136	39
137	40
138	42
139	45
140	47
141	48
142	50
143	52
144	54
145	56
146	62
147	63
148	67
149	70
150	73
151	75
152	79
153	79
154	78
155	77
156	75
157	69
158	65
159	64
160	67
161	68
162	71
163	76
164	77
165	75
166	73
167	73
168	68
169	68
170	69
171	71
172	68
173	68
174	69
175	68
176	70
177	75
178	75
179	76
180	83
181	81
182	76
183	80
184	79
185	72
186	70
187	70
188	69
189	67
190	65
191	65
192	64
193	60
194	58
195	61
196	59
197	60
198	61
199	64
200	63
201	66
202	67
203	65
204	63
205	62
206	58
207	55
208	56
209	53
210	53
211	53
212	56
213	54
214	57
215	58
216	63
217	64
218	65
219	65
220	62
221	60
222	59
223	58
224	59
225	60
226	57
227	56
228	56
229	55
230	56
231	58
232	57
233	54
234	52
235	51
236	51
237	49
238	48
239	47
240	47
241	45
242	46
243	45
244	47
245	45
246	47
247	50
248	53
249	50
250	51
251	49
252	47
253	47
254	49
255	49
256	52
257	53
258	53
259	51
260	51
261	49
262	49
263	48
264	48
265	51
266	49
267	49
268	48
269	47
270	42
271	42
272	40
273	40
274	39
275	40
276	40
277	40
278	42
279	43
280	43
281	44
282	46
283	44
284	45
285	47
286	48
287	46
288	48
289	49
290	48
291	48
292	49
293	48
294	48
295	49
296	49
297	47
298	45
299	45
300	46
301	46
302	49
303	52
304	47
305	45
306	44
307	40
308	40
309	43
310	43
311	41
312	42
313	41
314	42
315	44
316	44
317	41
318	41
319	41
320	41
321	43
322	47
323	48
324	49
325	50
326	48
327	48
328	49
329	49
330	45
331	47
332	47
333	45
334	42
335	43
336	40
337	38
338	39
339	40
340	38
341	38
342	40
343	38
344	38
345	38
346	37
347	35
348	34
349	35
350	37
351	37
352	37
353	37
354	37
355	36
356	38
357	40
358	42
359	42
360	44
361	44
362	42
363	40
364	40
365	38
366	40
367	42
368	44
369	44
370	43
371	43
372	44
373	44
374	41
375	45
376	43
377	42
378	38
379	39
380	36
381	37
382	38
383	41
384	43
385	43
386	42
387	42
388	42
389	42
390	43
391	44
392	44
393	43
394	42
395	44
396	46
397	44
398	48
399	49
400	47
401	43
402	45
403	41
404	44
405	42
406	45
407	43
408	44
409	38
410	39
411	36
412	38
413	40
414	42
415	41
416	43
417	42
418	40
419	40
420	44
421	44
422	44
423	46
424	44
425	41
426	44
427	46
428	47
429	49
430	53
431	54
432	53
433	53
434	54
435	57
436	55
437	55
438	55
439	54
440	50
441	50
442	51
443	49
444	51
445	49
446	48
447	47
448	46
449	43
450	41
451	40
452	38
453	39
454	39
455	38
456	39
457	39
458	38
459	36
460	36
461	34
462	32
463	32
464	33
465	34
466	33
467	34
468	32
469	32
470	29
471	30
472	27
473	26
474	26
475	25
476	24
477	25
478	25
479	23
480	23
481	21
482	20
483	18
484	16
485	15
486	14
487	12
488	11
489	13
490	15
491	14
492	15
493	15
494	16
495	14
496	13
497	13
498	14
499	12
500	11
501	13
502	13
503	13
504	12
505	12
506	12
507	11
508	9
509	10
510	9
511	9
512	9
513	10
514	9
515	11
516	10
517	9
518	9
519	9
520	7
521	8
522	7
523	7
524	7
525	6
526	5
527	5
528	5
529	5
530	5
531	6
532	6
533	6
534	5
535	6
536	5
537	4
538	5
539	5
540	5
541	6
542	6
543	6
544	6
545	6
546	5
547	4
548	4
549	3
550	4
551	4
552	4
553	5
554	6
555	5
556	6
557	8
558	7
559	8
560	9
561	11
562	11
563	12
564	13
565	14
566	14
567	14
568	16
569	16
570	17
571	20
572	22
573	20
574	22
575	25
576	26
577	29
578	38
579	45
580	48
581	54
582	57
583	57
584	56
585	60
586	62
587	68
588	75
589	82
590	90
591	96
592	101
593	106
594	114
595	118
596	126
597	133
598	135
599	136
600	138
601	137
602	135
603	136
604	141
605	143
606	147
607	152
608	156
609	154
610	151
611	154
612	152
613	147
614	152
615	160
616	162
617	163
618	161
619	160
620	153
621	156
622	154
623	160
624	156
625	157
626	146
627	143
628	138
629	133
630	125
631	124
632	119
633	112
634	110
635	108
636	104
637	103
638	102
639	96
640	92
641	87
642	81
643	80
644	78
645	75
646	72
647	71
648	65
649	60
650	58
651	56
652	52
653	48
654	47
655	47
656	46
657	46
658	45
659	44
660	40
661	34
662	30
663	30
664	28
665	27
666	27
667	26
668	24
669	24
670	23
671	22
672	22
673	21
674	19
675	18
676	19
677	18
678	17
679	18
680	17
681	16
682	16
683	15
684	15
685	15
686	17
687	17
688	17
689	16
690	15
691	13
692	12
693	14
694	14
695	15
696	15
697	17
698	15
699	13
700	14
701	14
702	12
703	12
704	12
705	9
706	8
707	9
708	9
709	8
710	7
711	8
712	8
713	8
714	9
715	10
716	9
717	8
718	8
719	7
720	7
721	7
722	7
723	7
724	6
725	6
726	8
727	7
728	7
729	7
730	6
731	5
732	5
733	6
734	5
735	5
736	4
737	3
738	2
739	3
740	2
741	2
742	2
743	4
744	3
745	3
746	3
747	3
748	3
749	3
750	3
751	3
752	3
753	2
754	2
755	2
756	2
757	1
758	1
759	1
760	1
761	1
762	1
763	2
764	2
765	1
766	2
767	2
768	1
769	2
770	1
771	1
772	1
773	1
774	0
775	1
776	1
777	1
778	1
779	1
780	0
781	0
782	0
783	0
784	1
785	1
786	1
787	1
788	1
789	0
790	1
791	1
792	0
793	1
794	1
795	1
796	1
797	1
798	1
799	0
800	0
