Amplitude (ADC Kanal) -  (Histogram)	Counts -  (Histogram)
0	0
1	0
2	0
3	0
4	0
5	0
6	0
7	0
8	0
9	0
10	0
11	0
12	0
13	0
14	0
15	0
16	0
17	0
18	0
19	1
20	1
21	1
22	1
23	1
24	1
25	1
26	1
27	1
28	1
29	2
30	2
31	3
32	3
33	3
34	15
35	99
36	241
37	396
38	556
39	707
40	772
41	755
42	738
43	715
44	700
45	711
46	747
47	761
48	768
49	755
50	740
51	752
52	784
53	863
54	969
55	1084
56	1185
57	1292
58	1369
59	1447
60	1556
61	1694
62	1801
63	1899
64	1938
65	1889
66	1813
67	1796
68	1740
69	1721
70	1752
71	1787
72	1796
73	1841
74	1898
75	1920
76	1921
77	1885
78	1797
79	1703
80	1632
81	1532
82	1433
83	1377
84	1308
85	1232
86	1182
87	1164
88	1157
89	1146
90	1147
91	1157
92	1154
93	1158
94	1170
95	1160
96	1126
97	1091
98	1050
99	1023
100	1015
101	1003
102	979
103	966
104	965
105	955
106	964
107	995
108	1031
109	1056
110	1075
111	1110
112	1127
113	1120
114	1091
115	1086
116	1064
117	1036
118	1016
119	996
120	965
121	949
122	943
123	941
124	954
125	972
126	984
127	997
128	1008
129	1010
130	1006
131	972
132	925
133	881
134	856
135	826
136	803
137	793
138	783
139	771
140	779
141	805
142	848
143	899
144	945
145	959
146	955
147	948
148	950
149	942
150	963
151	984
152	998
153	972
154	946
155	913
156	895
157	868
158	856
159	835
160	825
161	813
162	815
163	814
164	840
165	841
166	838
167	810
168	797
169	764
170	758
171	744
172	745
173	734
174	733
175	720
176	719
177	731
178	750
179	765
180	776
181	773
182	767
183	750
184	749
185	739
186	747
187	749
188	751
189	733
190	718
191	704
192	686
193	667
194	656
195	655
196	646
197	644
198	653
199	660
200	659
201	665
202	665
203	649
204	630
205	598
206	566
207	536
208	525
209	526
210	541
211	572
212	587
213	593
214	589
215	597
216	590
217	595
218	608
219	615
220	618
221	615
222	604
223	581
224	574
225	572
226	568
227	557
228	562
229	548
230	530
231	512
232	518
233	509
234	512
235	503
236	499
237	507
238	509
239	503
240	501
241	492
242	473
243	472
244	465
245	467
246	477
247	478
248	463
249	460
250	454
251	448
252	451
253	458
254	461
255	465
256	468
257	461
258	460
259	462
260	456
261	451
262	444
263	438
264	434
265	429
266	426
267	425
268	421
269	416
270	404
271	394
272	389
273	381
274	365
275	360
276	355
277	346
278	348
279	357
280	372
281	378
282	380
283	379
284	378
285	372
286	370
287	378
288	376
289	382
290	381
291	385
292	387
293	386
294	377
295	386
296	390
297	388
298	393
299	393
300	384
301	387
302	386
303	376
304	374
305	379
306	358
307	354
308	346
309	337
310	323
311	327
312	320
313	330
314	330
315	331
316	325
317	324
318	311
319	319
320	317
321	316
322	313
323	315
324	306
325	303
326	303
327	306
328	305
329	311
330	311
331	298
332	294
333	302
334	294
335	291
336	298
337	291
338	287
339	290
340	300
341	293
342	298
343	289
344	282
345	273
346	277
347	275
348	277
349	272
350	275
351	268
352	267
353	265
354	269
355	275
356	285
357	292
358	290
359	296
360	289
361	289
362	288
363	285
364	285
365	293
366	292
367	296
368	301
369	292
370	283
371	289
372	289
373	302
374	313
375	317
376	309
377	308
378	305
379	308
380	315
381	313
382	310
383	303
384	300
385	289
386	298
387	292
388	299
389	296
390	304
391	306
392	318
393	324
394	332
395	330
396	327
397	318
398	309
399	308
400	310
401	303
402	296
403	293
404	289
405	286
406	284
407	287
408	287
409	286
410	279
411	280
412	273
413	264
414	252
415	243
416	235
417	234
418	234
419	242
420	245
421	246
422	244
423	240
424	235
425	237
426	233
427	234
428	240
429	239
430	233
431	233
432	233
433	232
434	236
435	240
436	250
437	252
438	250
439	241
440	245
441	242
442	245
443	244
444	248
445	242
446	241
447	238
448	238
449	237
450	237
451	228
452	229
453	225
454	223
455	225
456	224
457	221
458	221
459	217
460	213
461	216
462	212
463	214
464	213
465	217
466	217
467	216
468	212
469	214
470	205
471	203
472	202
473	201
474	197
475	201
476	199
477	198
478	193
479	191
480	190
481	192
482	190
483	193
484	191
485	187
486	184
487	181
488	176
489	180
490	174
491	175
492	174
493	181
494	183
495	186
496	189
497	187
498	180
499	175
500	177
501	172
502	171
503	180
504	180
505	180
506	182
507	189
508	180
509	182
510	182
511	181
512	178
513	186
514	178
515	176
516	181
517	184
518	177
519	184
520	183
521	172
522	164
523	165
524	162
525	162
526	162
527	164
528	159
529	163
530	167
531	175
532	175
533	169
534	167
535	160
536	152
537	150
538	152
539	151
540	149
541	149
542	146
543	145
544	142
545	143
546	141
547	143
548	145
549	139
550	137
551	138
552	132
553	126
554	129
555	127
556	125
557	133
558	137
559	137
560	135
561	134
562	129
563	129
564	133
565	135
566	136
567	137
568	136
569	137
570	138
571	142
572	149
573	151
574	145
575	148
576	145
577	142
578	140
579	144
580	143
581	145
582	145
583	147
584	149
585	145
586	146
587	147
588	146
589	146
590	150
591	150
592	142
593	143
594	135
595	134
596	123
597	129
598	125
599	128
600	128
601	136
602	130
603	133
604	138
605	138
606	137
607	137
608	134
609	129
610	125
611	120
612	121
613	118
614	118
615	117
616	122
617	119
618	120
619	118
620	117
621	121
622	123
623	126
624	130
625	130
626	123
627	120
628	120
629	115
630	115
631	115
632	121
633	119
634	120
635	118
636	121
637	119
638	121
639	122
640	127
641	124
642	121
643	121
644	122
645	116
646	116
647	115
648	118
649	122
650	127
651	126
652	128
653	128
654	122
655	123
656	127
657	127
658	124
659	121
660	118
661	115
662	113
663	116
664	117
665	117
666	115
667	117
668	114
669	118
670	119
671	117
672	117
673	113
674	108
675	104
676	105
677	104
678	109
679	110
680	114
681	115
682	117
683	114
684	111
685	109
686	107
687	106
688	106
689	114
690	114
691	118
692	115
693	115
694	109
695	107
696	107
697	103
698	102
699	104
700	104
701	101
702	106
703	111
704	110
705	111
706	113
707	110
708	104
709	105
710	104
711	103
712	105
713	102
714	101
715	104
716	108
717	106
718	110
719	110
720	108
721	107
722	110
723	106
724	110
725	111
726	110
727	106
728	112
729	107
730	108
731	104
732	106
733	105
734	110
735	107
736	106
737	103
738	98
739	94
740	91
741	92
742	94
743	94
744	93
745	94
746	92
747	95
748	94
749	97
750	100
751	102
752	101
753	102
754	99
755	101
756	95
757	95
758	97
759	99
760	97
761	102
762	98
763	99
764	95
765	93
766	90
767	93
768	88
769	88
770	84
771	88
772	88
773	88
774	84
775	89
776	85
777	83
778	86
779	90
780	89
781	86
782	87
783	87
784	86
785	84
786	85
787	90
788	89
789	93
790	97
791	101
792	100
793	102
794	100
795	96
796	92
797	92
798	90
799	86
800	91
801	93
802	91
803	94
804	101
805	99
806	102
807	99
808	95
809	92
810	90
811	88
812	89
813	90
814	92
815	93
816	89
817	87
818	87
819	86
820	85
821	86
822	89
823	90
824	87
825	86
826	87
827	86
828	85
829	87
830	89
831	88
832	88
833	85
834	83
835	79
836	77
837	76
838	77
839	76
840	78
841	75
842	76
843	76
844	75
845	74
846	78
847	76
848	78
849	81
850	81
851	83
852	84
853	81
854	80
855	78
856	75
857	74
858	75
859	70
860	70
861	73
862	73
863	74
864	77
865	82
866	78
867	76
868	75
869	77
870	73
871	78
872	82
873	81
874	80
875	77
876	77
877	74
878	78
879	77
880	79
881	74
882	75
883	73
884	75
885	75
886	79
887	81
888	77
889	76
890	76
891	69
892	66
893	67
894	66
895	65
896	64
897	64
898	66
899	67
900	66
901	71
902	70
903	67
904	65
905	65
906	65
907	68
908	67
909	70
910	68
911	66
912	65
913	66
914	65
915	67
916	71
917	67
918	68
919	66
920	61
921	58
922	58
923	57
924	56
925	56
926	56
927	59
928	59
929	61
930	64
931	60
932	57
933	55
934	53
935	52
936	53
937	55
938	58
939	61
940	61
941	62
942	60
943	57
944	54
945	57
946	58
947	56
948	56
949	58
950	54
951	52
952	56
953	58
954	56
955	56
956	60
957	56
958	55
959	53
960	55
961	53
962	56
963	55
964	57
965	54
966	54
967	52
968	52
969	50
970	53
971	53
972	55
973	55
974	57
975	55
976	53
977	54
978	52
979	53
980	55
981	55
982	52
983	54
984	51
985	50
986	52
987	55
988	55
989	55
990	55
991	55
992	53
993	54
994	56
995	53
996	53
997	53
998	54
999	53
1000	56
1001	53
1002	53
1003	55
1004	59
1005	63
1006	71
1007	72
1008	67
1009	64
1010	61
1011	60
1012	60
1013	64
1014	67
1015	70
1016	71
1017	71
1018	70
1019	70
1020	70
1021	66
1022	66
1023	64
1024	62
1025	63
1026	67
1027	70
1028	73
1029	73
1030	73
1031	73
1032	74
1033	77
1034	77
1035	77
1036	78
1037	78
1038	76
1039	79
1040	80
1041	83
1042	84
1043	88
1044	88
1045	85
1046	80
1047	78
1048	72
1049	73
1050	77
1051	79
1052	79
1053	79
1054	78
1055	73
1056	75
1057	77
1058	80
1059	80
1060	78
1061	75
1062	73
1063	72
1064	74
1065	79
1066	79
1067	77
1068	78
1069	74
1070	72
1071	71
1072	71
1073	66
1074	66
1075	62
1076	61
1077	60
1078	57
1079	54
1080	54
1081	57
1082	53
1083	54
1084	57
1085	54
1086	50
1087	55
1088	57
1089	52
1090	53
1091	53
1092	47
1093	47
1094	49
1095	49
1096	51
1097	52
1098	50
1099	49
1100	48
1101	45
1102	44
1103	44
1104	45
1105	44
1106	46
1107	47
1108	50
1109	48
1110	48
1111	46
1112	47
1113	45
1114	45
1115	44
1116	42
1117	40
1118	39
1119	39
1120	39
1121	38
1122	39
1123	38
1124	40
1125	42
1126	45
1127	45
1128	43
1129	45
1130	41
1131	37
1132	38
1133	39
1134	35
1135	38
1136	39
1137	37
1138	37
1139	39
1140	36
1141	35
1142	36
1143	37
1144	35
1145	36
1146	37
1147	34
1148	32
1149	33
1150	33
1151	35
1152	39
1153	37
1154	34
1155	37
1156	38
1157	36
1158	39
1159	42
1160	40
1161	36
1162	38
1163	38
1164	39
1165	38
1166	40
1167	40
1168	39
1169	36
1170	35
1171	34
1172	34
1173	33
1174	34
1175	35
1176	34
1177	34
1178	37
1179	34
1180	35
1181	37
1182	39
1183	36
1184	39
1185	38
1186	37
1187	37
1188	38
1189	37
1190	35
1191	34
1192	33
1193	31
1194	31
1195	32
1196	33
1197	34
1198	33
1199	33
1200	33
1201	31
1202	29
1203	30
1204	29
1205	28
1206	27
1207	29
1208	31
1209	31
1210	34
1211	35
1212	32
1213	29
1214	30
1215	27
1216	28
1217	31
1218	31
1219	31
1220	35
1221	35
1222	34
1223	35
1224	35
1225	33
1226	33
1227	31
1228	32
1229	31
1230	31
1231	30
1232	28
1233	28
1234	28
1235	28
1236	28
1237	28
1238	26
1239	26
1240	27
1241	27
1242	29
1243	29
1244	31
1245	30
1246	28
1247	30
1248	31
1249	30
1250	30
1251	28
1252	25
1253	23
1254	24
1255	23
1256	26
1257	27
1258	28
1259	27
1260	27
1261	27
1262	26
1263	26
1264	26
1265	28
1266	27
1267	28
1268	26
1269	26
1270	25
1271	23
1272	23
1273	23
1274	23
1275	23
1276	26
1277	26
1278	27
1279	25
1280	26
1281	24
1282	24
1283	23
1284	23
1285	23
1286	23
1287	22
1288	21
1289	22
1290	23
1291	26
1292	27
1293	28
1294	27
1295	25
1296	21
1297	19
1298	20
1299	21
1300	22
1301	21
1302	22
1303	20
1304	20
1305	19
1306	21
1307	23
1308	24
1309	23
1310	22
1311	22
1312	19
1313	18
1314	18
1315	18
1316	18
1317	16
1318	18
1319	20
1320	19
1321	18
1322	22
1323	20
1324	19
1325	20
1326	21
1327	21
1328	22
1329	21
1330	21
1331	21
1332	18
1333	17
1334	19
1335	19
1336	20
1337	20
1338	21
1339	21
1340	20
1341	18
1342	18
1343	19
1344	16
1345	18
1346	19
1347	18
1348	17
1349	17
1350	17
1351	19
1352	20
1353	21
1354	22
1355	22
1356	20
1357	20
1358	18
1359	17
1360	19
1361	21
1362	20
1363	22
1364	22
1365	20
1366	19
1367	18
1368	18
1369	19
1370	20
1371	21
1372	20
1373	21
1374	19
1375	16
1376	14
1377	18
1378	18
1379	21
1380	22
1381	24
1382	21
1383	20
1384	18
1385	17
1386	15
1387	17
1388	16
1389	17
1390	18
1391	18
1392	17
1393	18
1394	17
1395	17
1396	17
1397	17
1398	16
1399	16
1400	15
1401	14
1402	14
1403	15
1404	16
1405	15
1406	16
1407	15
1408	16
1409	14
1410	16
1411	16
1412	16
1413	14
1414	14
1415	14
1416	14
1417	13
1418	16
1419	17
1420	16
1421	15
1422	16
1423	14
1424	14
1425	13
1426	15
1427	17
1428	17
1429	18
1430	18
1431	17
1432	16
1433	15
1434	15
1435	15
1436	16
1437	16
1438	17
1439	17
1440	19
1441	19
1442	17
1443	17
1444	16
1445	14
1446	15
1447	16
1448	16
1449	16
1450	19
1451	18
1452	18
1453	17
1454	15
1455	12
1456	12
1457	12
1458	14
1459	16
1460	17
1461	16
1462	17
1463	16
1464	15
1465	15
1466	15
1467	14
1468	13
1469	13
1470	14
1471	13
1472	16
1473	17
1474	16
1475	17
1476	16
1477	15
1478	16
1479	17
1480	17
1481	18
1482	17
1483	16
1484	16
1485	16
1486	16
1487	16
1488	17
1489	17
1490	16
1491	17
1492	18
1493	18
1494	17
1495	17
1496	19
1497	18
1498	19
1499	20
1500	18
1501	16
1502	16
1503	13
1504	13
1505	14
1506	14
1507	15
1508	17
1509	16
1510	16
1511	19
1512	17
1513	16
1514	17
1515	17
1516	14
1517	16
1518	17
1519	18
1520	18
1521	18
1522	18
1523	17
1524	16
1525	16
1526	15
1527	14
1528	15
1529	14
1530	15
1531	16
1532	16
1533	16
1534	18
1535	17
1536	17
1537	17
1538	16
1539	16
1540	16
1541	16
1542	17
1543	18
1544	18
1545	19
1546	17
1547	16
1548	17
1549	16
1550	15
1551	15
1552	16
1553	14
1554	13
1555	13
1556	14
1557	15
1558	16
1559	17
1560	19
1561	18
1562	17
1563	15
1564	13
1565	12
1566	12
1567	11
1568	14
1569	15
1570	15
1571	16
1572	17
1573	17
1574	18
1575	19
1576	19
1577	17
1578	16
1579	15
1580	13
1581	14
1582	15
1583	16
1584	17
1585	16
1586	16
1587	17
1588	17
1589	16
1590	18
1591	18
1592	16
1593	14
1594	14
1595	14
1596	13
1597	13
1598	14
1599	13
1600	13
1601	13
1602	13
1603	13
1604	16
1605	15
1606	16
1607	15
1608	15
1609	14
1610	13
1611	11
1612	11
1613	11
1614	12
1615	13
1616	13
1617	13
1618	12
1619	11
1620	11
1621	13
1622	12
1623	13
1624	14
1625	14
1626	12
1627	13
1628	13
1629	13
1630	13
1631	13
1632	13
1633	11
1634	9
1635	10
1636	10
1637	10
1638	11
1639	11
1640	11
1641	12
1642	12
1643	12
1644	12
1645	13
1646	13
1647	12
1648	13
1649	14
1650	13
1651	12
1652	10
1653	10
1654	9
1655	9
1656	9
1657	10
1658	10
1659	11
1660	11
1661	12
1662	13
1663	12
1664	11
1665	11
1666	11
1667	10
1668	10
1669	11
1670	11
1671	12
1672	13
1673	13
1674	12
1675	13
1676	12
1677	13
1678	13
1679	12
1680	12
1681	12
1682	11
1683	11
1684	11
1685	10
1686	10
1687	11
1688	11
1689	11
1690	11
1691	11
1692	10
1693	10
1694	10
1695	11
1696	10
1697	10
1698	10
1699	10
1700	10
1701	11
1702	11
1703	12
1704	12
1705	12
1706	13
1707	12
1708	11
1709	10
1710	9
1711	7
1712	9
1713	9
1714	9
1715	9
1716	10
1717	10
1718	11
1719	12
1720	12
1721	12
1722	13
1723	13
1724	13
1725	12
1726	13
1727	11
1728	12
1729	13
1730	13
1731	13
1732	14
1733	13
1734	14
1735	15
1736	14
1737	13
1738	15
1739	12
1740	11
1741	11
1742	10
1743	9
1744	11
1745	11
1746	12
1747	12
1748	12
1749	14
1750	14
1751	14
1752	15
1753	15
1754	12
1755	12
1756	12
1757	11
1758	12
1759	11
1760	12
1761	11
1762	12
1763	12
1764	13
1765	14
1766	14
1767	14
1768	13
1769	13
1770	12
1771	13
1772	13
1773	14
1774	15
1775	17
1776	15
1777	15
1778	14
1779	13
1780	13
1781	15
1782	14
1783	13
1784	15
1785	15
1786	13
1787	15
1788	16
1789	14
1790	13
1791	15
1792	14
1793	14
1794	14
1795	15
1796	13
1797	12
1798	10
1799	12
1800	12
1801	12
1802	13
1803	14
1804	13
1805	13
1806	14
1807	14
1808	14
1809	13
1810	13
1811	12
1812	11
1813	12
1814	14
1815	14
1816	15
1817	16
1818	15
1819	13
1820	13
1821	11
1822	10
1823	9
1824	10
1825	10
1826	11
1827	12
1828	13
1829	13
1830	13
1831	13
1832	12
1833	12
1834	10
1835	10
1836	8
1837	8
1838	8
1839	9
1840	9
1841	9
1842	10
1843	8
1844	10
1845	10
1846	11
1847	11
1848	11
1849	10
1850	9
1851	9
1852	9
1853	9
1854	10
1855	10
1856	10
1857	9
1858	9
1859	7
1860	8
1861	8
1862	9
1863	9
1864	10
1865	10
1866	9
1867	10
1868	9
1869	10
1870	10
1871	11
1872	10
1873	10
1874	9
1875	10
1876	9
1877	9
1878	8
1879	8
1880	9
1881	11
1882	10
1883	11
1884	12
1885	10
1886	8
1887	8
1888	7
1889	7
1890	7
1891	8
1892	7
1893	7
1894	6
1895	7
1896	7
1897	7
1898	8
1899	9
1900	8
1901	9
1902	9
1903	9
1904	8
1905	7
1906	7
1907	7
1908	8
1909	9
1910	9
1911	8
1912	7
1913	6
1914	5
1915	6
1916	6
1917	7
1918	8
1919	9
1920	8
1921	9
1922	9
1923	9
1924	9
1925	8
1926	8
1927	8
1928	9
1929	9
1930	10
1931	10
1932	10
1933	9
1934	8
1935	7
1936	8
1937	8
1938	9
1939	10
1940	10
1941	10
1942	10
1943	8
1944	7
1945	7
1946	7
1947	6
1948	7
1949	8
1950	7
1951	7
1952	7
1953	7
1954	7
1955	8
1956	8
1957	8
1958	9
1959	7
1960	7
1961	7
1962	8
1963	7
1964	8
1965	7
1966	7
1967	6
1968	6
1969	6
1970	7
1971	8
1972	8
1973	8
1974	8
1975	7
1976	7
1977	6
1978	7
1979	8
1980	8
1981	8
1982	8
1983	8
1984	7
1985	7
1986	7
1987	8
1988	8
1989	8
1990	8
1991	7
1992	7
1993	8
1994	8
1995	7
1996	7
1997	7
1998	6
1999	6
2000	7
2001	8
2002	7
2003	7
2004	8
2005	8
2006	8
2007	9
2008	9
2009	9
2010	7
2011	6
2012	6
2013	6
2014	5
2015	6
2016	7
2017	7
2018	7
2019	7
2020	7
2021	6
2022	5
2023	4
2024	3
2025	3
2026	3
2027	5
2028	5
2029	6
2030	6
2031	8
2032	7
2033	8
2034	7
2035	7
2036	6
2037	6
2038	6
2039	5
2040	4
2041	4
2042	4
2043	4
2044	3
2045	6
2046	10
2047	4866
