Amplitude ( ADC Kanal) -  (Histogram)	Counts -  (Histogram)
0	0
1	0
2	0
3	0
4	0
5	0
6	0
7	0
8	0
9	0
10	0
11	0
12	0
13	0
14	0
15	0
16	0
17	0
18	0
19	0
20	0
21	0
22	0
23	0
24	1
25	2
26	3
27	3
28	4
29	4
30	4
31	4
32	5
33	7
34	6
35	7
36	7
37	7
38	5
39	5
40	4
41	5
42	4
43	6
44	6
45	7
46	6
47	6
48	5
49	5
50	5
51	5
52	6
53	5
54	5
55	5
56	5
57	5
58	5
59	7
60	6
61	7
62	7
63	7
64	5
65	5
66	4
67	3
68	3
69	4
70	5
71	5
72	5
73	5
74	5
75	3
76	4
77	4
78	4
79	4
80	5
81	4
82	4
83	5
84	5
85	6
86	7
87	6
88	6
89	5
90	4
91	5
92	5
93	4
94	5
95	5
96	5
97	5
98	5
99	5
100	7
101	7
102	7
103	7
104	7
105	5
106	5
107	6
108	5
109	5
110	6
111	6
112	4
113	5
114	4
115	6
116	6
117	7
118	7
119	8
120	6
121	6
122	6
123	5
124	4
125	4
126	4
127	3
128	4
129	4
130	4
131	5
132	6
133	8
134	7
135	8
136	8
137	7
138	6
139	7
140	7
141	6
142	6
143	7
144	7
145	6
146	6
147	7
148	7
149	7
150	8
151	8
152	7
153	7
154	6
155	5
156	6
157	6
158	5
159	6
160	7
161	6
162	6
163	7
164	6
165	6
166	6
167	6
168	5
169	5
170	5
171	5
172	4
173	4
174	4
175	4
176	4
177	5
178	5
179	5
180	5
181	5
182	4
183	4
184	5
185	6
186	6
187	7
188	6
189	6
190	5
191	4
192	4
193	5
194	5
195	6
196	7
197	8
198	6
199	5
200	5
201	4
202	3
203	3
204	5
205	5
206	5
207	5
208	5
209	4
210	5
211	5
212	5
213	6
214	6
215	6
216	6
217	5
218	6
219	6
220	6
221	6
222	6
223	5
224	5
225	5
226	6
227	7
228	7
229	7
230	7
231	6
232	6
233	6
234	6
235	6
236	6
237	5
238	4
239	4
240	3
241	3
242	2
243	4
244	5
245	5
246	5
247	6
248	5
249	6
250	5
251	6
252	6
253	6
254	5
255	6
256	5
257	4
258	4
259	6
260	6
261	7
262	8
263	8
264	6
265	6
266	6
267	6
268	6
269	7
270	6
271	6
272	5
273	4
274	5
275	6
276	6
277	6
278	6
279	5
280	4
281	5
282	6
283	5
284	6
285	6
286	6
287	5
288	5
289	5
290	5
291	5
292	5
293	5
294	5
295	5
296	5
297	5
298	5
299	6
300	5
301	5
302	7
303	7
304	6
305	6
306	6
307	5
308	5
309	6
310	7
311	6
312	6
313	7
314	6
315	7
316	6
317	6
318	5
319	6
320	4
321	5
322	5
323	5
324	5
325	6
326	6
327	6
328	6
329	7
330	7
331	7
332	7
333	6
334	4
335	4
336	4
337	5
338	6
339	7
340	8
341	8
342	7
343	6
344	5
345	5
346	5
347	5
348	6
349	7
350	6
351	5
352	5
353	3
354	3
355	4
356	5
357	5
358	6
359	6
360	6
361	5
362	5
363	5
364	6
365	6
366	5
367	5
368	5
369	6
370	6
371	6
372	6
373	7
374	6
375	5
376	5
377	5
378	5
379	5
380	5
381	6
382	6
383	5
384	4
385	3
386	3
387	5
388	5
389	6
390	7
391	6
392	5
393	6
394	5
395	7
396	8
397	8
398	7
399	7
400	5
401	4
402	4
403	5
404	5
405	6
406	7
407	7
408	6
409	7
410	6
411	6
412	6
413	6
414	5
415	5
416	5
417	4
418	5
419	7
420	7
421	7
422	7
423	6
424	5
425	4
426	4
427	5
428	5
429	6
430	5
431	5
432	4
433	5
434	6
435	7
436	8
437	7
438	6
439	7
440	7
441	6
442	6
443	6
444	5
445	4
446	4
447	4
448	5
449	5
450	6
451	8
452	8
453	7
454	6
455	5
456	4
457	4
458	6
459	7
460	7
461	7
462	6
463	5
464	4
465	4
466	5
467	5
468	5
469	7
470	6
471	6
472	6
473	7
474	7
475	7
476	8
477	7
478	6
479	5
480	6
481	5
482	6
483	6
484	6
485	5
486	5
487	3
488	3
489	4
490	5
491	6
492	7
493	7
494	7
495	7
496	5
497	5
498	7
499	7
500	9
501	9
502	9
503	7
504	7
505	5
506	5
507	6
508	7
509	6
510	6
511	5
512	4
513	3
514	5
515	6
516	7
517	8
518	9
519	9
520	9
521	10
522	8
523	8
524	7
525	7
526	6
527	7
528	5
529	5
530	5
531	4
532	5
533	6
534	6
535	6
536	6
537	5
538	5
539	6
540	6
541	6
542	6
543	6
544	5
545	5
546	7
547	7
548	7
549	8
550	8
551	7
552	7
553	7
554	7
555	7
556	7
557	8
558	8
559	8
560	8
561	7
562	7
563	8
564	9
565	10
566	9
567	8
568	8
569	8
570	8
571	9
572	11
573	12
574	11
575	9
576	9
577	9
578	9
579	14
580	18
581	21
582	22
583	22
584	22
585	24
586	22
587	25
588	26
589	26
590	23
591	23
592	26
593	28
594	32
595	39
596	45
597	47
598	47
599	46
600	46
601	43
602	43
603	48
604	51
605	54
606	53
607	49
608	53
609	52
610	58
611	68
612	74
613	74
614	80
615	74
616	78
617	80
618	86
619	86
620	91
621	85
622	81
623	75
624	77
625	79
626	85
627	92
628	98
629	99
630	93
631	88
632	90
633	83
634	82
635	86
636	84
637	79
638	68
639	53
640	47
641	51
642	49
643	65
644	77
645	81
646	79
647	82
648	78
649	71
650	66
651	61
652	54
653	49
654	47
655	44
656	42
657	46
658	45
659	48
660	49
661	48
662	41
663	38
664	37
665	35
666	32
667	35
668	36
669	35
670	32
671	30
672	27
673	25
674	27
675	31
676	32
677	33
678	29
679	24
680	23
681	24
682	22
683	24
684	26
685	25
686	21
687	19
688	18
689	17
690	17
691	21
692	22
693	22
694	21
695	19
696	17
697	18
698	18
699	19
700	22
701	21
702	16
703	16
704	15
705	15
706	17
707	21
708	23
709	24
710	22
711	20
712	20
713	18
714	17
715	16
716	17
717	17
718	16
719	17
720	18
721	18
722	19
723	19
724	18
725	17
726	14
727	10
728	12
729	15
730	16
731	20
732	21
733	22
734	17
735	14
736	13
737	13
738	12
739	14
740	16
741	17
742	16
743	15
744	15
745	17
746	17
747	18
748	17
749	17
750	15
751	13
752	12
753	13
754	13
755	14
756	15
757	15
758	13
759	14
760	14
761	14
762	14
763	15
764	14
765	13
766	10
767	7
768	6
769	5
770	7
771	10
772	12
773	13
774	14
775	14
776	14
777	14
778	14
779	13
780	15
781	14
782	13
783	11
784	12
785	12
786	12
787	14
788	16
789	16
790	12
791	11
792	10
793	8
794	7
795	8
796	9
797	9
798	8
799	7
800	8
801	10
802	11
803	13
804	14
805	14
806	12
807	10
808	10
809	9
810	9
811	9
812	11
813	11
814	11
815	10
816	10
817	9
818	9
819	11
820	10
821	10
822	9
823	9
824	9
825	10
826	11
827	12
828	12
829	10
830	9
831	6
832	6
833	5
834	5
835	7
836	11
837	12
838	12
839	14
840	13
841	10
842	9
843	8
844	9
845	10
846	11
847	10
848	10
849	9
850	7
851	7
852	8
853	8
854	8
855	9
856	10
857	9
858	8
859	8
860	7
861	6
862	5
863	7
864	6
865	7
866	7
867	9
868	8
869	8
870	8
871	7
872	7
873	7
874	7
875	7
876	8
877	7
878	7
879	7
880	6
881	6
882	8
883	8
884	8
885	9
886	9
887	8
888	8
889	7
890	7
891	7
892	7
893	6
894	5
895	4
896	3
897	3
898	3
899	6
900	8
901	9
902	9
903	9
904	7
905	7
906	6
907	6
908	6
909	7
910	6
911	6
912	5
913	6
914	7
915	7
916	8
917	8
918	6
919	6
920	6
921	6
922	7
923	8
924	8
925	7
926	6
927	6
928	5
929	4
930	5
931	6
932	7
933	7
934	8
935	7
936	6
937	6
938	7
939	7
940	8
941	8
942	7
943	5
944	5
945	6
946	6
947	7
948	9
949	9
950	8
951	6
952	6
953	5
954	5
955	5
956	6
957	5
958	4
959	4
960	4
961	4
962	4
963	4
964	4
965	4
966	5
967	5
968	5
969	5
970	6
971	6
972	7
973	7
974	7
975	7
976	6
977	5
978	6
979	6
980	6
981	7
982	7
983	6
984	7
985	5
986	5
987	6
988	6
989	7
990	6
991	6
992	6
993	6
994	6
995	6
996	6
997	6
998	7
999	6
1000	7
