Amplitude (ADC Kanal) -  (Histogram)	Counts -  (Histogram)
0	0
1	0
2	0
3	0
4	0
5	0
6	0
7	0
8	0
9	0
10	0
11	0
12	0
13	0
14	0
15	0
16	0
17	0
18	0
19	0
20	0
21	0
22	1
23	2
24	3
25	5
26	7
27	8
28	9
29	9
30	10
31	12
32	12
33	12
34	13
35	13
36	12
37	13
38	13
39	12
40	11
41	10
42	9
43	8
44	8
45	8
46	9
47	9
48	10
49	12
50	13
51	14
52	13
53	14
54	13
55	13
56	12
57	13
58	13
59	15
60	16
61	17
62	17
63	15
64	13
65	12
66	11
67	12
68	12
69	12
70	12
71	12
72	11
73	12
74	11
75	12
76	11
77	11
78	10
79	10
80	11
81	11
82	10
83	10
84	12
85	11
86	11
87	12
88	13
89	12
90	10
91	10
92	10
93	9
94	9
95	10
96	11
97	12
98	12
99	12
100	13
101	13
102	12
103	11
104	11
105	11
106	9
107	11
108	12
109	12
110	11
111	12
112	11
113	10
114	10
115	12
116	10
117	11
118	9
119	11
120	11
121	11
122	10
123	11
124	11
125	11
126	11
127	11
128	10
129	9
130	8
131	10
132	10
133	11
134	11
135	12
136	14
137	15
138	14
139	14
140	14
141	13
142	13
143	13
144	12
145	11
146	9
147	10
148	10
149	11
150	12
151	13
152	13
153	13
154	13
155	12
156	13
157	11
158	10
159	9
160	9
161	8
162	8
163	10
164	10
165	11
166	10
167	11
168	10
169	10
170	10
171	12
172	12
173	12
174	12
175	10
176	9
177	10
178	11
179	13
180	13
181	13
182	12
183	10
184	11
185	11
186	12
187	12
188	13
189	13
190	12
191	10
192	10
193	9
194	8
195	10
196	11
197	10
198	10
199	10
200	8
201	9
202	11
203	12
204	13
205	11
206	12
207	9
208	10
209	10
210	11
211	12
212	13
213	11
214	12
215	12
216	11
217	12
218	13
219	13
220	13
221	13
222	13
223	12
224	10
225	10
226	10
227	10
228	10
229	11
230	12
231	11
232	12
233	11
234	12
235	13
236	12
237	12
238	12
239	11
240	11
241	11
242	10
243	12
244	12
245	12
246	13
247	12
248	11
249	11
250	10
251	9
252	10
253	11
254	11
255	11
256	11
257	10
258	9
259	11
260	14
261	14
262	15
263	14
264	12
265	11
266	12
267	12
268	12
269	12
270	12
271	10
272	9
273	9
274	11
275	10
276	12
277	11
278	12
279	10
280	11
281	10
282	10
283	11
284	11
285	11
286	10
287	10
288	9
289	9
290	10
291	11
292	11
293	13
294	13
295	12
296	13
297	13
298	12
299	12
300	12
301	11
302	11
303	10
304	9
305	8
306	8
307	9
308	10
309	13
310	13
311	12
312	13
313	12
314	11
315	12
316	11
317	9
318	9
319	9
320	9
321	9
322	11
323	12
324	12
325	10
326	10
327	8
328	7
329	8
330	9
331	9
332	11
333	11
334	10
335	10
336	10
337	10
338	11
339	13
340	13
341	13
342	13
343	12
344	11
345	11
346	11
347	12
348	12
349	12
350	12
351	12
352	11
353	11
354	12
355	12
356	13
357	13
358	12
359	13
360	11
361	12
362	14
363	15
364	13
365	12
366	11
367	9
368	8
369	10
370	11
371	13
372	14
373	15
374	12
375	12
376	10
377	9
378	9
379	12
380	12
381	13
382	12
383	11
384	10
385	8
386	8
387	10
388	12
389	12
390	13
391	13
392	13
393	13
394	13
395	14
396	13
397	13
398	12
399	11
400	11
401	11
402	12
403	12
404	13
405	12
406	10
407	9
408	9
409	9
410	9
411	11
412	11
413	11
414	10
415	9
416	8
417	7
418	9
419	10
420	11
421	11
422	12
423	11
424	9
425	9
426	10
427	11
428	12
429	12
430	12
431	11
432	12
433	12
434	12
435	11
436	13
437	10
438	11
439	12
440	12
441	12
442	13
443	13
444	12
445	14
446	14
447	12
448	10
449	11
450	10
451	11
452	12
453	13
454	13
455	13
456	11
457	12
458	12
459	12
460	13
461	13
462	12
463	11
464	10
465	10
466	10
467	9
468	9
469	11
470	10
471	11
472	11
473	13
474	13
475	13
476	13
477	14
478	11
479	10
480	11
481	10
482	11
483	12
484	13
485	11
486	13
487	13
488	16
489	14
490	15
491	12
492	12
493	10
494	9
495	8
496	9
497	10
498	10
499	10
500	11
501	11
502	11
503	10
504	11
505	10
506	13
507	14
508	14
509	15
510	13
511	10
512	7
513	7
514	8
515	11
516	13
517	16
518	17
519	16
520	16
521	17
522	18
523	19
524	19
525	18
526	16
527	15
528	13
529	14
530	14
531	14
532	14
533	14
534	13
535	13
536	15
537	16
538	17
539	20
540	22
541	21
542	19
543	21
544	19
545	18
546	18
547	22
548	22
549	25
550	27
551	27
552	29
553	30
554	31
555	34
556	36
557	37
558	36
559	38
560	37
561	40
562	48
563	56
564	62
565	67
566	68
567	65
568	68
569	70
570	73
571	81
572	87
573	91
574	85
575	77
576	79
577	86
578	92
579	117
580	148
581	158
582	154
583	154
584	154
585	143
586	145
587	155
588	162
589	161
590	159
591	158
592	155
593	159
594	163
595	180
596	187
597	192
598	181
599	172
600	164
601	165
602	163
603	176
604	180
605	181
606	162
607	159
608	156
609	154
610	156
611	172
612	171
613	166
614	157
615	144
616	146
617	146
618	142
619	145
620	149
621	138
622	125
623	118
624	118
625	113
626	113
627	123
628	123
629	115
630	107
631	99
632	91
633	85
634	84
635	84
636	83
637	78
638	66
639	54
640	47
641	46
642	47
643	66
644	77
645	83
646	83
647	79
648	69
649	66
650	62
651	56
652	57
653	53
654	48
655	47
656	47
657	46
658	47
659	48
660	48
661	48
662	42
663	39
664	41
665	40
666	38
667	40
668	43
669	39
670	34
671	30
672	30
673	29
674	32
675	38
676	42
677	41
678	39
679	36
680	37
681	35
682	35
683	34
684	34
685	29
686	29
687	28
688	33
689	34
690	36
691	38
692	42
693	39
694	36
695	36
696	38
697	34
698	34
699	37
700	36
701	31
702	26
703	22
704	21
705	24
706	27
707	33
708	37
709	37
710	33
711	32
712	33
713	32
714	33
715	32
716	32
717	32
718	29
719	26
720	27
721	28
722	26
723	27
724	30
725	32
726	27
727	26
728	30
729	29
730	28
731	30
732	31
733	28
734	24
735	23
736	24
737	23
738	28
739	33
740	33
741	34
742	32
743	27
744	25
745	26
746	22
747	23
748	24
749	25
750	22
751	24
752	25
753	26
754	23
755	26
756	25
757	26
758	21
759	21
760	21
761	22
762	18
763	21
764	22
765	23
766	18
767	15
768	12
769	14
770	13
771	18
772	24
773	27
774	25
775	26
776	26
777	24
778	25
779	25
780	23
781	23
782	19
783	17
784	17
785	19
786	19
787	21
788	23
789	21
790	19
791	18
792	20
793	22
794	23
795	24
796	25
797	24
798	19
799	16
800	15
801	14
802	14
803	18
804	20
805	21
806	20
807	19
808	19
809	19
810	18
811	19
812	20
813	20
814	19
815	20
816	20
817	18
818	18
819	19
820	20
821	20
822	21
823	19
824	18
825	19
826	16
827	17
828	19
829	19
830	15
831	13
832	13
833	11
834	13
835	16
836	22
837	22
838	24
839	22
840	21
841	18
842	17
843	15
844	15
845	15
846	13
847	12
848	12
849	15
850	16
851	17
852	17
853	18
854	14
855	13
856	12
857	13
858	13
859	15
860	17
861	19
862	17
863	14
864	14
865	13
866	13
867	16
868	19
869	19
870	19
871	17
872	15
873	14
874	13
875	13
876	14
877	15
878	13
879	14
880	14
881	14
882	14
883	16
884	15
885	16
886	14
887	13
888	11
889	12
890	13
891	15
892	17
893	17
894	13
895	10
896	9
897	9
898	9
899	12
900	16
901	16
902	16
903	16
904	17
905	15
906	15
907	16
908	15
909	14
910	14
911	12
912	12
913	11
914	10
915	12
916	13
917	14
918	14
919	15
920	16
921	15
922	14
923	13
924	13
925	12
926	12
927	11
928	13
929	14
930	14
931	15
932	17
933	18
934	17
935	15
936	16
937	14
938	15
939	15
940	15
941	15
942	15
943	12
944	10
945	12
946	12
947	12
948	14
949	16
950	14
951	13
952	14
953	13
954	13
955	12
956	12
957	11
958	10
959	8
960	8
961	7
962	7
963	10
964	12
965	13
966	14
967	15
968	14
969	13
970	12
971	12
972	14
973	14
974	13
975	13
976	12
977	11
978	12
979	13
980	16
981	16
982	15
983	14
984	14
985	10
986	11
987	11
988	12
989	12
990	11
991	12
992	14
993	15
994	16
995	17
996	16
997	14
998	13
999	12
1000	11
1001	13
1002	12
1003	12
1004	12
1005	14
1006	12
1007	12
1008	12
1009	12
1010	12
1011	12
1012	13
1013	14
1014	12
1015	11
1016	12
1017	11
1018	13
1019	16
1020	15
1021	14
1022	12
1023	8
1024	4
1025	3
1026	4
1027	8
1028	11
1029	13
1030	16
1031	17
1032	16
1033	14
1034	15
1035	15
1036	16
1037	16
1038	16
1039	17
1040	15
1041	13
1042	12
1043	13
1044	11
1045	12
1046	11
1047	10
1048	10
1049	11
1050	10
1051	10
1052	12
1053	11
1054	10
1055	10
1056	12
1057	13
1058	12
1059	13
1060	14
1061	13
1062	13
1063	12
1064	11
1065	11
1066	11
1067	11
1068	13
1069	13
1070	11
1071	11
1072	11
1073	9
1074	10
1075	10
1076	12
1077	13
1078	13
1079	14
1080	15
1081	12
1082	12
1083	12
1084	11
1085	12
1086	11
1087	10
1088	9
1089	9
1090	8
1091	9
1092	10
1093	11
1094	11
1095	13
1096	12
1097	13
1098	12
1099	12
1100	12
1101	15
1102	14
1103	14
1104	15
1105	15
1106	14
1107	16
1108	16
1109	16
1110	13
1111	13
1112	10
1113	11
1114	11
1115	12
1116	11
1117	11
1118	9
1119	9
1120	10
1121	9
1122	10
1123	13
1124	13
1125	13
1126	13
1127	11
1128	10
1129	11
1130	11
1131	12
1132	12
1133	12
1134	9
1135	9
1136	9
1137	11
1138	10
1139	12
1140	13
1141	13
1142	11
1143	11
1144	12
1145	12
1146	11
1147	14
1148	13
1149	12
1150	8
1151	8
1152	6
1153	8
1154	8
1155	11
1156	12
1157	14
1158	14
1159	15
1160	17
1161	17
1162	15
1163	15
1164	15
1165	13
1166	13
1167	14
1168	13
1169	12
1170	12
1171	14
1172	14
1173	14
1174	14
1175	11
1176	10
1177	10
1178	11
1179	11
1180	14
1181	15
1182	13
1183	11
1184	12
1185	11
1186	10
1187	11
1188	14
1189	12
1190	12
1191	11
1192	12
1193	10
1194	10
1195	11
1196	12
1197	12
1198	11
1199	13
1200	13
1201	14
1202	11
1203	13
1204	13
1205	12
1206	10
1207	11
1208	10
1209	11
1210	12
1211	14
1212	13
1213	11
1214	9
1215	7
1216	8
1217	10
1218	12
1219	13
1220	13
1221	12
1222	12
1223	10
1224	11
1225	12
1226	12
1227	11
1228	12
1229	11
1230	9
1231	10
1232	10
1233	11
1234	12
1235	15
1236	14
1237	14
1238	13
1239	13
1240	12
1241	12
1242	12
1243	12
1244	12
1245	12
1246	11
1247	10
1248	10
1249	11
1250	11
1251	11
1252	12
1253	12
1254	12
1255	11
1256	12
1257	13
1258	12
1259	13
1260	14
1261	13
1262	11
1263	12
1264	11
1265	12
1266	12
1267	13
1268	15
1269	15
1270	14
1271	13
1272	13
1273	11
1274	12
1275	14
1276	15
1277	14
1278	11
1279	9
1280	7
1281	6
1282	7
1283	9
1284	11
1285	12
1286	12
1287	12
1288	12
1289	12
1290	14
1291	13
1292	14
1293	13
1294	12
1295	10
1296	11
1297	12
1298	11
1299	10
1300	10
1301	9
1302	8
1303	8
1304	9
1305	10
1306	9
1307	9
1308	9
1309	8
1310	8
1311	7
1312	8
1313	8
1314	11
1315	12
1316	13
1317	15
1318	15
1319	14
1320	14
1321	14
1322	13
1323	14
1324	13
1325	13
1326	12
1327	11
1328	11
1329	12
1330	11
1331	12
1332	14
1333	13
1334	12
1335	13
1336	14
1337	12
1338	11
1339	12
1340	12
1341	11
1342	9
1343	9
1344	9
1345	7
1346	8
1347	10
1348	12
1349	13
1350	15
1351	15
1352	14
1353	13
1354	11
1355	10
1356	9
1357	8
1358	9
1359	9
1360	8
1361	10
1362	10
1363	11
1364	11
1365	11
1366	10
1367	11
1368	11
1369	10
1370	11
1371	10
1372	10
1373	10
1374	10
1375	9
1376	8
1377	9
1378	10
1379	11
1380	11
1381	12
1382	11
1383	11
1384	12
1385	11
1386	13
1387	13
1388	13
1389	12
1390	12
1391	9
1392	9
1393	8
1394	8
1395	9
1396	10
1397	11
1398	11
1399	11
1400	12
1401	13
1402	12
1403	13
1404	13
1405	11
1406	9
1407	8
1408	7
1409	8
1410	8
1411	10
1412	11
1413	10
1414	11
1415	12
1416	13
1417	13
1418	15
1419	14
1420	14
1421	13
1422	12
1423	11
1424	11
1425	10
1426	10
1427	11
1428	12
1429	12
1430	12
1431	12
1432	13
1433	13
1434	13
1435	13
1436	15
1437	15
1438	14
1439	14
1440	14
1441	13
1442	11
1443	12
1444	13
1445	13
1446	12
1447	12
1448	11
1449	12
1450	11
1451	12
1452	13
1453	12
1454	11
1455	11
1456	11
1457	11
1458	11
1459	11
1460	13
1461	13
1462	13
1463	14
1464	13
1465	12
1466	10
1467	10
1468	10
1469	13
1470	11
1471	10
1472	9
1473	10
1474	10
1475	11
1476	12
1477	16
1478	15
1479	14
1480	16
1481	15
1482	14
1483	14
1484	13
1485	12
1486	11
1487	9
1488	9
1489	9
1490	10
1491	12
1492	13
1493	12
1494	11
1495	10
1496	9
1497	10
1498	10
1499	12
1500	11
1501	10
1502	10
1503	10
1504	8
1505	8
1506	9
1507	9
1508	10
1509	11
1510	10
1511	11
1512	12
1513	11
1514	11
1515	12
1516	12
1517	12
1518	13
1519	14
1520	13
1521	12
1522	10
1523	9
1524	9
1525	10
1526	9
1527	9
1528	10
1529	11
1530	10
1531	11
1532	12
1533	13
1534	11
1535	8
1536	7
1537	6
1538	4
1539	7
1540	9
1541	11
1542	12
1543	12
1544	13
1545	13
1546	13
1547	15
1548	15
1549	16
1550	16
1551	16
1552	14
1553	15
1554	13
1555	12
1556	13
1557	13
1558	11
1559	11
1560	9
1561	10
1562	10
1563	10
1564	10
1565	12
1566	11
1567	11
1568	10
1569	12
1570	11
1571	11
1572	12
1573	14
1574	11
1575	11
1576	11
1577	10
1578	11
1579	13
1580	14
1581	16
1582	15
1583	15
1584	14
1585	13
1586	11
1587	12
1588	11
1589	12
1590	12
1591	13
1592	13
1593	13
1594	12
1595	15
1596	15
1597	15
1598	13
1599	11
1600	8
1601	8
1602	8
1603	9
1604	13
1605	14
1606	14
1607	14
1608	15
1609	14
1610	12
1611	12
1612	12
1613	11
1614	11
1615	12
1616	11
1617	11
1618	11
1619	9
1620	8
1621	9
1622	9
1623	10
1624	11
1625	11
1626	11
1627	11
1628	10
1629	11
1630	10
1631	10
1632	10
1633	10
1634	11
1635	12
1636	12
1637	12
1638	13
1639	11
1640	9
1641	9
1642	10
1643	12
1644	13
1645	14
1646	16
1647	15
1648	12
1649	12
1650	12
1651	11
1652	9
1653	12
1654	11
1655	11
1656	9
1657	10
1658	9
1659	10
1660	9
1661	10
1662	10
1663	9
1664	8
1665	8
1666	10
1667	10
1668	11
1669	11
1670	13
1671	12
1672	12
1673	13
1674	14
1675	11
1676	13
1677	15
1678	14
1679	15
1680	15
1681	13
1682	11
1683	10
1684	10
1685	10
1686	10
1687	11
1688	12
1689	12
1690	12
1691	13
1692	11
1693	12
1694	10
1695	9
1696	8
1697	9
1698	9
1699	11
1700	14
1701	15
1702	14
1703	12
1704	12
1705	10
1706	8
1707	10
1708	12
1709	12
1710	12
1711	13
1712	13
1713	12
1714	12
1715	12
1716	13
1717	13
1718	14
1719	14
1720	13
1721	12
1722	11
1723	11
1724	10
1725	11
1726	11
1727	11
1728	10
1729	10
1730	10
1731	10
1732	11
1733	11
1734	11
1735	10
1736	11
1737	10
1738	11
1739	12
1740	12
1741	10
1742	10
1743	11
1744	11
1745	11
1746	12
1747	13
1748	14
1749	13
1750	12
1751	12
1752	12
1753	11
1754	11
1755	12
1756	12
1757	12
1758	11
1759	11
1760	8
1761	8
1762	7
1763	8
1764	9
1765	12
1766	13
1767	15
1768	14
1769	12
1770	11
1771	11
1772	10
1773	10
1774	11
1775	10
1776	11
1777	9
1778	10
1779	10
1780	12
1781	12
1782	13
1783	13
1784	14
1785	13
1786	13
1787	13
1788	13
1789	12
1790	9
1791	7
1792	7
1793	8
1794	8
1795	11
1796	12
1797	11
1798	10
1799	10
1800	10
1801	10
1802	11
1803	12
1804	13
1805	13
1806	12
1807	12
1808	11
1809	10
1810	10
1811	12
1812	13
1813	13
1814	13
1815	13
1816	12
1817	13
1818	13
1819	13
1820	13
1821	14
1822	12
1823	12
1824	11
1825	10
1826	9
1827	9
1828	10
1829	11
1830	12
1831	13
1832	14
1833	13
1834	12
1835	12
1836	12
1837	11
1838	11
1839	10
1840	10
1841	10
1842	11
1843	11
1844	12
1845	13
1846	12
1847	12
1848	12
1849	11
1850	11
1851	11
1852	10
1853	10
1854	9
1855	8
1856	8
1857	9
1858	9
1859	10
1860	12
1861	12
1862	11
1863	12
1864	13
1865	12
1866	12
1867	14
1868	13
1869	12
1870	11
1871	11
1872	10
1873	9
1874	10
1875	10
1876	10
1877	10
1878	10
1879	9
1880	10
1881	10
1882	11
1883	13
1884	15
1885	14
1886	14
1887	12
1888	9
1889	9
1890	9
1891	11
1892	12
1893	13
1894	13
1895	13
1896	12
1897	12
1898	11
1899	11
1900	11
1901	13
1902	12
1903	12
1904	11
1905	11
1906	9
1907	9
1908	9
1909	12
1910	12
1911	11
1912	10
1913	9
1914	9
1915	9
1916	10
1917	12
1918	11
1919	9
1920	9
1921	9
1922	8
1923	8
1924	9
1925	9
1926	10
1927	11
1928	13
1929	14
1930	16
1931	15
1932	14
1933	12
1934	11
1935	9
1936	9
1937	8
1938	9
1939	10
1940	9
1941	10
1942	10
1943	9
1944	9
1945	9
1946	10
1947	10
1948	11
1949	11
1950	11
1951	9
1952	10
1953	11
1954	10
1955	13
1956	15
1957	14
1958	11
1959	11
1960	9
1961	8
1962	9
1963	11
1964	11
1965	12
1966	12
1967	11
1968	12
1969	12
1970	12
1971	12
1972	13
1973	12
1974	11
1975	10
1976	11
1977	10
1978	11
1979	12
1980	12
1981	13
1982	11
1983	10
1984	9
1985	9
1986	9
1987	10
1988	11
1989	12
1990	12
1991	10
1992	9
1993	9
1994	9
1995	11
1996	12
1997	14
1998	13
1999	12
2000	10
2001	11
2002	10
2003	11
2004	13
2005	14
2006	13
2007	12
2008	12
2009	10
2010	10
2011	11
2012	11
2013	10
2014	11
2015	10
2016	9
2017	10
2018	11
2019	11
2020	12
2021	10
2022	10
2023	9
2024	10
2025	9
2026	9
2027	9
2028	9
2029	10
2030	10
2031	10
2032	10
2033	10
2034	9
2035	10
2036	11
2037	12
2038	13
2039	13
2040	13
2041	14
2042	14
2043	13
2044	14
2045	11
2046	13
2047	19559
