Amplitude ( ADC Kanal) -  (Histogram)	Counts -  (Histogram)
0	0
1	0
2	0
3	0
4	0
5	0
6	0
7	0
8	0
9	0
10	0
11	0
12	0
13	0
14	0
15	0
16	0
17	0
18	0
19	0
20	0
21	0
22	0
23	0
24	0
25	1
26	2
27	2
28	3
29	3
30	4
31	4
32	4
33	4
34	4
35	4
36	4
37	4
38	4
39	4
40	3
41	2
42	2
43	3
44	3
45	4
46	4
47	5
48	4
49	5
50	4
51	4
52	4
53	4
54	3
55	3
56	3
57	2
58	3
59	4
60	5
61	5
62	6
63	6
64	6
65	5
66	5
67	4
68	4
69	4
70	4
71	3
72	4
73	5
74	4
75	5
76	5
77	5
78	4
79	5
80	5
81	5
82	5
83	5
84	5
85	4
86	5
87	4
88	4
89	3
90	4
91	4
92	4
93	4
94	4
95	5
96	5
97	4
98	6
99	6
100	5
101	4
102	4
103	3
104	2
105	2
106	3
107	3
108	3
109	3
110	3
111	2
112	2
113	3
114	4
115	4
116	5
117	6
118	5
119	4
120	4
121	5
122	4
123	5
124	5
125	5
126	3
127	3
128	2
129	2
130	3
131	4
132	4
133	5
134	5
135	5
136	4
137	4
138	3
139	3
140	3
141	3
142	2
143	3
144	3
145	4
146	4
147	4
148	4
149	5
150	4
151	4
152	5
153	3
154	3
155	3
156	3
157	2
158	3
159	3
160	3
161	3
162	4
163	5
164	5
165	5
166	4
167	5
168	4
169	4
170	5
171	4
172	4
173	5
174	4
175	3
176	5
177	5
178	4
179	5
180	4
181	3
182	4
183	3
184	4
185	3
186	4
187	4
188	4
189	3
190	4
191	3
192	2
193	3
194	3
195	3
196	3
197	4
198	3
199	4
200	3
201	4
202	4
203	3
204	3
205	3
206	2
207	3
208	3
209	3
210	3
211	5
212	4
213	4
214	4
215	4
216	2
217	2
218	4
219	4
220	4
221	3
222	4
223	3
224	2
225	3
226	3
227	3
228	2
229	3
230	3
231	3
232	3
233	4
234	4
235	5
236	4
237	4
238	3
239	3
240	3
241	4
242	4
243	5
244	5
245	4
246	4
247	3
248	3
249	3
250	3
251	3
252	4
253	3
254	3
255	4
256	4
257	3
258	3
259	4
260	6
261	6
262	7
263	7
264	6
265	4
266	3
267	3
268	2
269	3
270	3
271	4
272	4
273	5
274	5
275	6
276	7
277	7
278	7
279	6
280	5
281	4
282	3
283	3
284	3
285	3
286	3
287	3
288	3
289	3
290	3
291	3
292	3
293	3
294	3
295	3
296	3
297	3
298	3
299	3
300	3
301	3
302	4
303	4
304	4
305	4
306	5
307	3
308	4
309	4
310	4
311	4
312	5
313	5
314	4
315	3
316	3
317	2
318	2
319	1
320	1
321	2
322	3
323	4
324	4
325	5
326	5
327	4
328	3
329	2
330	2
331	3
332	3
333	3
334	3
335	3
336	2
337	3
338	3
339	5
340	6
341	6
342	6
343	5
344	3
345	2
346	2
347	2
348	3
349	4
350	4
351	4
352	4
353	4
354	3
355	5
356	5
357	6
358	6
359	7
360	5
361	4
362	3
363	3
364	3
365	3
366	4
367	4
368	3
369	2
370	2
371	3
372	3
373	4
374	3
375	4
376	3
377	3
378	3
379	3
380	4
381	4
382	4
383	4
384	4
385	3
386	3
387	3
388	4
389	4
390	5
391	5
392	4
393	4
394	4
395	4
396	5
397	5
398	5
399	4
400	4
401	3
402	4
403	4
404	3
405	4
406	3
407	3
408	3
409	5
410	4
411	5
412	5
413	5
414	3
415	3
416	4
417	4
418	4
419	5
420	7
421	6
422	6
423	6
424	5
425	4
426	3
427	3
428	3
429	3
430	3
431	3
432	3
433	3
434	4
435	4
436	5
437	5
438	5
439	4
440	3
441	2
442	2
443	3
444	3
445	3
446	3
447	3
448	3
449	2
450	3
451	3
452	2
453	2
454	2
455	2
456	2
457	3
458	3
459	4
460	4
461	3
462	3
463	3
464	3
465	3
466	3
467	3
468	3
469	3
470	3
471	4
472	4
473	4
474	4
475	4
476	4
477	2
478	2
479	2
480	2
481	3
482	4
483	4
484	3
485	3
486	3
487	4
488	4
489	5
490	4
491	4
492	4
493	3
494	4
495	4
496	5
497	5
498	5
499	5
500	5
501	4
502	4
503	4
504	3
505	4
506	4
507	5
508	4
509	3
510	2
511	1
512	1
513	1
514	1
515	3
516	4
517	5
518	6
519	6
520	5
521	5
522	4
523	5
524	4
525	5
526	4
527	4
528	4
529	4
530	4
531	5
532	4
533	5
534	4
535	4
536	4
537	4
538	3
539	4
540	4
541	4
542	4
543	4
544	3
545	2
546	2
547	3
548	3
549	3
550	3
551	4
552	4
553	4
554	5
555	6
556	5
557	5
558	5
559	5
560	5
561	5
562	4
563	5
564	4
565	4
566	4
567	4
568	4
569	3
570	3
571	3
572	2
573	2
574	3
575	3
576	3
577	4
578	3
579	4
580	5
581	5
582	6
583	6
584	5
585	5
586	5
587	3
588	4
589	4
590	3
591	3
592	4
593	3
594	4
595	4
596	4
597	4
598	5
599	4
600	5
601	4
602	3
603	4
604	4
605	4
606	4
607	4
608	3
609	3
610	3
611	3
612	4
613	4
614	5
615	4
616	5
617	6
618	7
619	7
620	9
621	11
622	9
623	9
624	10
625	11
626	12
627	13
628	16
629	16
630	14
631	14
632	15
633	14
634	15
635	19
636	18
637	19
638	17
639	15
640	14
641	15
642	18
643	27
644	30
645	31
646	35
647	37
648	35
649	36
650	41
651	42
652	42
653	44
654	43
655	40
656	40
657	44
658	46
659	51
660	58
661	58
662	51
663	55
664	54
665	52
666	53
667	58
668	55
669	58
670	51
671	48
672	54
673	57
674	59
675	67
676	74
677	68
678	62
679	60
680	58
681	56
682	54
683	55
684	50
685	51
686	43
687	39
688	40
689	44
690	43
691	48
692	51
693	48
694	40
695	38
696	37
697	39
698	39
699	42
700	41
701	39
702	29
703	24
704	24
705	24
706	23
707	30
708	34
709	36
710	31
711	29
712	25
713	23
714	18
715	20
716	23
717	22
718	22
719	23
720	22
721	20
722	23
723	23
724	22
725	21
726	19
727	16
728	15
729	14
730	15
731	15
732	17
733	16
734	14
735	11
736	13
737	10
738	11
739	13
740	15
741	14
742	14
743	12
744	13
745	13
746	12
747	13
748	15
749	14
750	12
751	10
752	10
753	10
754	10
755	13
756	15
757	15
758	13
759	12
760	13
761	12
762	11
763	13
764	14
765	11
766	9
767	7
768	5
769	3
770	6
771	10
772	12
773	15
774	17
775	16
776	15
777	15
778	14
779	13
780	12
781	14
782	13
783	14
784	15
785	15
786	11
787	12
788	12
789	11
790	10
791	10
792	10
793	10
794	9
795	9
796	10
797	10
798	9
799	8
800	9
801	7
802	7
803	8
804	11
805	10
806	11
807	11
808	12
809	10
810	11
811	12
812	11
813	11
814	10
815	9
816	8
817	8
818	7
819	9
820	9
821	10
822	8
823	7
824	7
825	6
826	5
827	5
828	7
829	7
830	6
831	6
832	6
833	6
834	6
835	8
836	8
837	8
838	7
839	7
840	9
841	9
842	9
843	9
844	8
845	6
846	4
847	5
848	6
849	7
850	6
851	8
852	7
853	7
854	6
855	7
856	6
857	5
858	5
859	5
860	5
861	5
862	6
863	5
864	6
865	7
866	7
867	9
868	10
869	9
870	8
871	9
872	9
873	9
874	8
875	8
876	7
877	7
878	5
879	5
880	5
881	7
882	7
883	8
884	8
885	8
886	7
887	7
888	6
889	7
890	7
891	6
892	5
893	5
894	3
895	3
896	3
897	2
898	3
899	4
900	5
